TimeT,TimeS,Mx,My,Px,Py,Cx,Cy,Cio,CtimeT,CtimeS,Gx,Gy,Gnum,PMDist
00:00.0220,0.0220521,-8.125,0.05681813,-8,0,0,0,None,00:00.0000,0,0,0,0,0.1373073
00:00.0220,0.0220521,-8.125,0.05681813,-8,0,0,0,None,00:00.0000,0,0,0,0,0.1373073
00:00.0360,0.0356256,-8.125,0.05681813,-8.079374,0.03607946,0,0,None,00:00.0000,0,0,0,0,0.05011782
00:00.0500,0.0498234,-8.125,0.05681813,-8.116316,0.05287083,0,0,None,00:00.0000,0,0,0,0,0.009539169
00:00.0650,0.0653273,-8.125,0.05681813,-8.122923,0.05587387,0,0,None,00:00.0000,0,0,0,0,0.002281659
00:00.0890,0.089167,-8.125,0.05681813,-8.124319,0.05650902,0,0,None,00:00.0000,0,0,0,0,0.0007477989
00:00.1010,0.1014148,-8.125,0.05681813,-8.124815,0.05673387,0,0,None,00:00.0000,0,0,0,0,0.0002032944
00:00.1190,0.1189149,-8.125,0.05681813,-8.124943,0.05679176,0,0,None,00:00.0000,0,0,0,0,6.300186E-05
00:00.1400,0.1397574,-8.125,0.05681813,-8.12498,0.05680868,0,0,None,00:00.0000,0,0,0,0,2.214202E-05
00:00.1550,0.1548083,-8.039773,0.1136363,-8.124998,0.05681719,0,0,None,00:00.0000,0,0,0,0,0.1024291
00:00.1770,0.1770642,-7.840909,0.2840906,-8.124998,0.05755651,0,0,None,00:00.0000,0,0,0,0,0.3633511
00:00.1960,0.1962906,-7.784091,0.3693181,-8.125,0.08194896,0,0,None,00:00.0000,0,0,0,0,0.4458696
00:00.2150,0.2153701,-7.670455,0.4261363,-7.903428,0.2396648,0,0,None,00:00.0000,0,0,0,0,0.2984093
00:00.2330,0.2330442,-7.585228,0.4829544,-7.744889,0.3819212,0,0,None,00:00.0000,0,0,0,0,0.1889425
00:00.2560,0.2564468,-7.528409,0.5113637,-7.744889,0.3819212,0,0,None,00:00.0000,0,0,0,0,0.2522274
00:00.2750,0.274875,-7.414773,0.5681819,-7.619545,0.4612389,0,0,None,00:00.0000,0,0,0,0,0.2310155
00:00.2930,0.2931582,-7.357955,0.5681819,-7.562174,0.4933813,0,0,None,00:00.0000,0,0,0,0,0.2174867
00:00.3080,0.3079691,-7.073864,0.625,-7.495843,0.5273243,0,0,None,00:00.0000,0,0,0,0,0.4331365
00:00.3230,0.32343,-6.903409,0.6534094,-7.415407,0.5615306,0,0,None,00:00.0000,0,0,0,0,0.5201758
00:00.3410,0.3405959,-6.789773,0.6534094,-7.373288,0.5640054,0,0,None,00:00.0000,0,0,0,0,0.5903236
00:00.3550,0.3551778,-6.590909,0.6818181,-7.1,0.616004,0,0,triggerEnter,00:00.0000,0,-6.85,0.616004,0,0.5133269
00:00.3550,0.3551778,-6.590909,0.6818181,-7.1,0.616004,0,0,None,00:00.0000,0,0,0,0,0.5133269
00:00.3830,0.3825147,-6.477273,0.6818181,-7.035255,0.6260569,0,0,None,00:00.0000,0,0,0,0,0.5607617
00:00.3990,0.3991067,-6.448864,0.6818181,-6.716005,0.67526,0,0,None,00:00.0000,0,0,0,0,0.2672218
00:00.4160,0.4161754,-6.448864,0.6818181,-6.642344,0.6759409,0,0,None,00:00.0000,0,0,0,0,0.1935697
00:00.4300,0.4297226,-6.363637,0.6534094,-6.532034,0.6789815,0,0,None,00:00.0000,0,0,0,0,0.1703275
00:00.4470,0.4466956,-6.335227,0.6534094,-6.450947,0.6813148,0,0,None,00:00.0000,0,0,0,0,0.1190369
00:00.4610,0.4612667,-6.306818,0.5965906,-6.393005,0.6717249,0,0,None,00:00.0000,0,0,0,0,0.1143387
00:00.4830,0.4834563,-6.25,0.5397725,-6.364475,0.6559586,0,0,None,00:00.0000,0,0,0,0,0.1631067
00:00.5010,0.5007453,-6.051136,0.3977275,-6.336691,0.64724,0,0,None,00:00.0000,0,0,0,0,0.3792072
00:00.5190,0.5187479,-5.965909,0.2840906,-6.314406,0.6059066,0,0,None,00:00.0000,0,0,0,0,0.4743581
00:00.5340,0.5344302,-5.823864,0.1988637,-6.134955,0.4635327,0,0,None,00:00.0000,0,0,0,0,0.4084456
00:00.5510,0.5508219,-5.625,0.08522749,-6.02434,0.3531509,0,0,None,00:00.0000,0,0,0,0,0.4808895
00:00.5670,0.5669378,-5.539773,0.02840936,-5.830285,0.2080007,0,0,None,00:00.0000,0,0,0,0,0.3415411
00:00.5870,0.5871487,-5.255682,-0.1136363,-5.661755,0.1067249,0,0,None,00:00.0000,0,0,0,0,0.4620112
00:00.6110,0.6111118,-5.142045,-0.1420453,-5.532278,0.029542,0,0,None,00:00.0000,0,0,0,0,0.4262906
00:00.6310,0.6313661,-4.943182,-0.1704547,-5.283341,-0.09931843,0,0,triggerEnter,00:00.0000,0,-5.033341,-0.09931843,1,0.3475176
00:00.6310,0.6313661,-4.943182,-0.1704547,-5.390642,-0.04505444,0,0,None,00:00.0000,0,0,0,0,0.4646988
00:00.6460,0.6458454,-4.659091,-0.2272728,-5.23465,-0.11313,0,0,None,00:00.0000,0,0,0,0,0.5867677
00:00.6640,0.664076,-4.545455,-0.2840909,-5.108676,-0.142042,0,0,None,00:00.0000,0,0,0,0,0.5808587
00:00.6790,0.679059,-4.403409,-0.3693181,-4.79629,-0.195897,0,0,None,00:00.0000,0,0,0,0,0.429453
00:00.7000,0.6996525,-4.318182,-0.4545453,-4.719499,-0.2149222,0,0,None,00:00.0000,0,0,0,0,0.4674123
00:00.7130,0.7130226,-4.289773,-0.5397728,-4.531544,-0.3053957,0,0,None,00:00.0000,0,0,0,0,0.3367279
00:00.7290,0.7285366,-4.119318,-0.7102272,-4.389543,-0.3947123,0,0,None,00:00.0000,0,0,0,0,0.4154163
00:00.7450,0.7452361,-3.977273,-0.7386363,-4.330145,-0.4598141,0,0,None,00:00.0000,0,0,0,0,0.4497341
00:00.7600,0.7604262,-3.806818,-0.7670453,-4.288219,-0.5368386,0,0,None,00:00.0000,0,0,0,0,0.5336125
00:00.7770,0.7771596,-3.494318,-0.7670453,-4.124043,-0.6893079,0,0,None,00:00.0000,0,0,0,0,0.6345048
00:00.7980,0.7981904,-3.295455,-0.7670453,-3.966146,-0.7237878,0,0,None,00:00.0000,0,0,0,0,0.672085
00:00.8180,0.8183249,-3.181818,-0.7102272,-3.690258,-0.7586243,0,0,None,00:00.0000,0,0,0,0,0.510738
00:00.8350,0.8353953,-2.982955,-0.5681819,-3.334935,-0.7662032,0,0,triggerEnter,00:00.0000,0,-3.084935,-0.7662032,2,0.4038595
00:00.8350,0.8353953,-2.982955,-0.5681819,-3.405757,-0.7648014,0,0,None,00:00.0000,0,0,0,0,0.466284
00:00.8520,0.8516678,-2.840909,-0.4829547,-3.245635,-0.7316927,0,0,None,00:00.0000,0,0,0,0,0.4750511
00:00.8690,0.869375,-2.556818,-0.3409091,-3.048512,-0.6109586,0,0,None,00:00.0000,0,0,0,0,0.5609713
00:00.8920,0.8916827,-2.301137,-0.2840909,-2.86167,-0.4957551,0,0,None,00:00.0000,0,0,0,0,0.599165
00:00.9180,0.9178184,-2.215909,-0.2556819,-2.86167,-0.4957551,0,0,None,00:00.0000,0,0,0,0,0.6889421
00:00.9330,0.9334885,-2.073864,-0.1988637,-2.471419,-0.3483917,0,0,None,00:00.0000,0,0,0,0,0.4247456
00:00.9510,0.9511839,-2.017045,-0.1704547,-2.25132,-0.2690168,0,0,None,00:00.0000,0,0,0,0,0.2541637
00:00.9670,0.9667156,-1.960227,-0.1420453,-2.12343,-0.2204547,0,0,None,00:00.0000,0,0,0,0,0.1810606
00:00.9870,0.987012,-1.903409,-0.1420453,-2.064562,-0.1930062,0,0,None,00:00.0000,0,0,0,0,0.1690184
00:01.0040,1.004175,-1.846591,-0.1420453,-2.006421,-0.1648971,0,0,None,00:00.0000,0,0,0,0,0.1614554
00:01.0230,1.02317,-1.789773,-0.1136363,-1.958472,-0.1467262,0,0,None,00:00.0000,0,0,0,0,0.1719141
00:01.0390,1.038666,-1.704546,-0.1136363,-1.898169,-0.144672,0,0,None,00:00.0000,0,0,0,0,0.196095
00:01.0530,1.053282,-1.448864,-0.08522719,-1.82585,-0.124695,0,0,None,00:00.0000,0,0,0,0,0.3790465
00:01.0700,1.069946,-1.363636,-0.08522719,-1.673939,-0.1153808,0,0,None,00:00.0000,0,0,0,0,0.3117639
00:01.0890,1.089318,-1.193182,-0.02840906,-1.558609,-0.1044051,0,0,None,00:00.0000,0,0,0,0,0.3732459
00:01.1040,1.103514,-1.136364,-0.02840906,-1.446239,-0.08792993,0,0,None,00:00.0000,0,0,0,0,0.3155395
00:01.1210,1.121409,-1.079546,-0.02840906,-1.218488,-0.03436115,0,0,triggerEnter,00:00.0000,0,-0.9684876,-0.03436115,3,0.1390693
00:01.1210,1.121409,-1.079546,-0.02840906,-1.369471,-0.08276494,0,0,None,00:00.0000,0,0,0,0,0.2949769
00:01.1370,1.137372,-0.8806818,0,-1.235146,-0.03970151,0,0,None,00:00.0000,0,0,0,0,0.3566802
00:01.1540,1.153689,-0.7386366,0.02840936,-1.112764,-0.03143947,0,0,None,00:00.0000,0,0,0,0,0.3788843
00:01.1680,1.167828,-0.3409091,0.05681813,-0.9466435,-0.01119975,0,0,None,00:00.0000,0,0,0,0,0.6095412
00:01.1900,1.189608,-0.1704546,0.1136363,-0.7930738,0.01802345,0,0,None,00:00.0000,0,0,0,0,0.6299179
00:01.2110,1.211055,-0.1420456,0.1704544,-0.5525775,0.04023547,0,0,None,00:00.0000,0,0,0,0,0.4306894
00:01.2270,1.226795,-0.1420456,0.1704544,-0.3270148,0.07071182,0,0,None,00:00.0000,0,0,0,0,0.210148
00:01.2420,1.242374,-0.1420456,0.1704544,-0.2045039,0.1068586,0,0,None,00:00.0000,0,0,0,0,0.08913723
00:01.2590,1.259403,-0.1420456,0.1704544,-0.1872615,0.1091883,0,0,None,00:00.0000,0,0,0,0,0.07614464
00:01.2750,1.274692,-0.1420456,0.1704544,-0.1760568,0.1121118,0,0,None,00:00.0000,0,0,0,0,0.06753234
00:01.2900,1.2901,-0.1420456,0.1704544,-0.1712314,0.1134273,0,0,None,00:00.0000,0,0,0,0,0.0640617
00:01.3120,1.311845,-0.1420456,0.1704544,-0.1706069,0.113595,0,0,None,00:00.0000,0,0,0,0,0.06362969
00:01.3330,1.332617,-0.1420456,0.1704544,-0.1704926,0.113626,0,0,None,00:00.0000,0,0,0,0,0.06355069
00:01.3480,1.348428,-0.1420456,0.1704544,-0.1704632,0.1136339,0,0,None,00:00.0000,0,0,0,0,0.0635305
00:01.3670,1.367212,-0.1420456,0.1704544,-0.1704566,0.1136357,0,0,None,00:00.0000,0,0,0,0,0.06352591
00:01.3880,1.387923,-0.1420456,0.1704544,-0.1704551,0.1136361,0,0,None,00:00.0000,0,0,0,0,0.06352488
00:01.4070,1.406556,-0.1420456,0.1704544,-0.1704547,0.1136362,0,0,None,00:00.0000,0,0,0,0,0.06352465
00:01.4190,1.419312,-0.1420456,0.1704544,-0.1704546,0.1136362,0,0,None,00:00.0000,0,0,0,0,0.06352457
00:01.4350,1.434861,-0.1420456,0.1704544,-0.1704546,0.1136363,0,0,None,00:00.0000,0,0,0,0,0.06352454
00:01.4480,1.44765,-0.1420456,0.1704544,-0.1704546,0.1136363,0,0,None,00:00.0000,0,0,0,0,0.06352453
00:01.4620,1.46244,-0.1420456,0.1704544,-0.1704546,0.1136363,0,0,None,00:00.0000,0,0,0,0,0.06352453
00:01.4770,1.476526,-0.1420456,0.1704544,-0.1704546,0.1136363,0,0,None,00:00.0000,0,0,0,0,0.06352453
00:01.4960,1.495984,-0.08522728,0.2272725,-0.1704546,0.1136363,0,0,None,00:00.0000,0,0,0,0,0.1420454
00:01.5090,1.509475,0,0.3409094,-0.1704546,0.1136363,0,0,None,00:00.0000,0,0,0,0,0.2840912
00:01.5280,1.528203,0.08522728,0.3977275,-0.1374569,0.157633,0,0,None,00:00.0000,0,0,0,0,0.3274654
00:01.5440,1.544316,0.3409091,0.5965906,-0.05262129,0.2707474,0,0,None,00:00.0000,0,0,0,0,0.5109207
00:01.5660,1.565994,0.8522729,0.7386363,0.0762734,0.4016806,0,0,None,00:00.0000,0,0,0,0,0.845999
00:01.5850,1.585316,1.25,0.8522725,0.3702594,0.5896612,0,0,None,00:00.0000,0,0,0,0,0.9181001
00:01.6080,1.608008,1.392046,0.9090906,0.8040715,0.7237387,0,0,triggerEnter,00:00.0000,0,1.054071,0.7237387,4,0.6164976
00:01.6080,1.608008,1.392046,0.9090906,0.7759473,0.7174073,0,0,None,00:00.0000,0,0,0,0,0.6452287
00:01.6340,1.633902,1.448864,0.9375,1.126716,0.8365651,0,0,None,00:00.0000,0,0,0,0,0.3375901
00:01.6490,1.649291,1.505682,0.9375,1.313149,0.8946008,0,0,None,00:00.0000,0,0,0,0,0.1972537
00:01.6640,1.663565,1.590909,0.9659094,1.38311,0.9097495,0,0,None,00:00.0000,0,0,0,0,0.2152541
00:01.6810,1.680756,1.704546,0.9943181,1.488531,0.9464058,0,0,None,00:00.0000,0,0,0,0,0.2212643
00:01.7050,1.705457,1.789773,0.9943181,1.555179,0.9613711,0,0,None,00:00.0000,0,0,0,0,0.2368968
00:01.7220,1.721593,1.875,0.9943181,1.579127,0.9638022,0,0,None,00:00.0000,0,0,0,0,0.297443
00:01.7350,1.734857,2.215909,0.9943181,1.751689,0.988795,0,0,None,00:00.0000,0,0,0,0,0.4642529
00:01.7540,1.753902,2.329545,0.9943181,1.936007,0.9931517,0,0,None,00:00.0000,0,0,0,0,0.3935398
00:01.7710,1.770798,2.556818,0.9375,2.104507,0.9940174,0,0,None,00:00.0000,0,0,0,0,0.4558286
00:01.7870,1.787262,2.670454,0.9090906,2.245763,0.9942435,0,0,None,00:00.0000,0,0,0,0,0.4331441
00:01.8050,1.805424,2.897728,0.8238637,2.429659,0.9656265,0,0,None,00:00.0000,0,0,0,0,0.4890651
00:01.8270,1.826927,3.267045,0.7670456,2.588561,0.9283662,0,0,None,00:00.0000,0,0,0,0,0.6973988
00:01.8460,1.84613,3.409091,0.7670456,2.762036,0.8725432,0,0,None,00:00.0000,0,0,0,0,0.6555995
00:01.8660,1.866206,3.664773,0.7386363,3.216544,0.7775954,0,0,triggerEnter,00:00.0000,0,3.466544,0.7775954,5,0.4499188
00:01.8660,1.866206,3.664773,0.7386363,2.980309,0.8159072,0,0,None,00:00.0000,0,0,0,0,0.6888123
00:01.8820,1.882203,3.75,0.6818181,3.257489,0.776046,0,0,None,00:00.0000,0,0,0,0,0.5014446
00:01.9010,1.901184,4.0625,0.5965906,3.624045,0.7423772,0,0,None,00:00.0000,0,0,0,0,0.4620571
00:01.9400,1.940265,4.460227,0.4829544,3.63679,0.7362494,0,0,None,00:00.0000,0,0,0,0,0.8615145
00:01.9580,1.957961,4.659091,0.4261363,3.72709,0.6928334,0,0,None,00:00.0000,0,0,0,0,0.969409
00:01.9740,1.973893,4.829546,0.3977275,4.189201,0.5599318,0,0,None,00:00.0000,0,0,0,0,0.6605695
00:01.9900,1.989624,5.085227,0.1988637,4.612102,0.4395158,0,0,None,00:00.0000,0,0,0,0,0.5308121
00:02.0200,2.020255,5.227273,0.08522749,4.705493,0.4003241,0,0,None,00:00.0000,0,0,0,0,0.6095402
00:02.0430,2.042569,5.511364,-0.02840906,5.09839,0.1934414,0,0,triggerEnter,00:00.0000,0,5.34839,0.1934414,6,0.468791
00:02.0430,2.042569,5.511364,-0.02840906,4.958778,0.279447,0,0,None,00:00.0000,0,0,0,0,0.6325553
00:02.0630,2.062657,5.653409,-0.08522719,5.123845,0.1712898,0,0,None,00:00.0000,0,0,0,0,0.5884207
00:02.0810,2.080702,5.909091,-0.1988637,5.302394,0.06228284,0,0,None,00:00.0000,0,0,0,0,0.6605141
00:02.1030,2.103205,5.994318,-0.2272728,5.508556,-0.02374413,0,0,None,00:00.0000,0,0,0,0,0.5266771
00:02.1210,2.120646,6.136364,-0.2556819,5.640398,-0.08024453,0,0,None,00:00.0000,0,0,0,0,0.5260812
00:02.1370,2.137474,6.25,-0.2840909,5.917278,-0.1903917,0,0,None,00:00.0000,0,0,0,0,0.3456635
00:02.1620,2.161504,6.306819,-0.3125,6.041862,-0.2155499,0,0,None,00:00.0000,0,0,0,0,0.2821374
00:02.1770,2.176671,6.392046,-0.3125,6.154633,-0.2694799,0,0,None,00:00.0000,0,0,0,0,0.2412801
00:02.1940,2.194026,6.392046,-0.3125,6.246511,-0.2962192,0,0,None,00:00.0000,0,0,0,0,0.1464428
00:02.2090,2.208556,6.392046,-0.3125,6.339874,-0.3097008,0,0,None,00:00.0000,0,0,0,0,0.05224722
00:02.2270,2.226953,6.392046,-0.3125,6.380202,-0.3112631,0,0,None,00:00.0000,0,0,0,0,0.01190904
00:02.2420,2.241516,6.392046,-0.3125,6.3873,-0.3122383,0,0,None,00:00.0000,0,0,0,0,0.004753647
00:02.2580,2.258045,6.392046,-0.3125,6.389695,-0.3123311,0,0,None,00:00.0000,0,0,0,0,0.00235782
00:02.2700,2.269923,6.392046,-0.3125,6.391133,-0.3124068,0,0,None,00:00.0000,0,0,0,0,0.0009183636
00:02.2810,2.28142,6.392046,-0.3125,6.391816,-0.3124833,0,0,None,00:00.0000,0,0,0,0,0.0002313897
00:02.2960,2.296341,6.392046,-0.3125,6.391937,-0.3124897,0,0,None,00:00.0000,0,0,0,0,0.0001096759
00:02.3130,2.313269,6.392046,-0.3125,6.391994,-0.3124948,0,0,None,00:00.0000,0,0,0,0,5.271369E-05
00:02.3250,2.325473,6.392046,-0.3125,6.392037,-0.3124991,0,0,None,00:00.0000,0,0,0,0,9.103915E-06
00:02.3410,2.341213,6.392046,-0.3125,6.392041,-0.3124995,0,0,None,00:00.0000,0,0,0,0,5.272569E-06
00:02.3550,2.355422,6.392046,-0.3125,6.392045,-0.3124999,0,0,None,00:00.0000,0,0,0,0,1.438252E-06
00:02.3720,2.37209,6.392046,-0.3125,6.392046,-0.3124999,0,0,None,00:00.0000,0,0,0,0,4.80548E-07
00:02.3870,2.386554,6.392046,-0.3125,6.392046,-0.3125,0,0,None,00:00.0000,0,0,0,0,0
00:02.4030,2.403325,6.392046,-0.3125,6.392046,-0.3125,0,0,None,00:00.0000,0,0,0,0,0
00:02.4190,2.418745,6.392046,-0.3125,6.392046,-0.3125,0,0,None,00:00.0000,0,0,0,0,0
00:02.4410,2.441366,6.392046,-0.3125,6.392046,-0.3125,0,0,None,00:00.0000,0,0,0,0,0
00:02.4560,2.455666,6.448864,-0.1704547,6.392046,-0.3125,0,0,None,00:00.0000,0,0,0,0,0.1529873
00:02.4730,2.472546,6.534091,0.02840936,6.407826,-0.2967191,0,0,None,00:00.0000,0,0,0,0,0.3487856
00:02.4880,2.488057,6.761364,0.3977275,6.432966,-0.2281988,0,0,None,00:00.0000,0,0,0,0,0.7068443
00:02.5070,2.507024,7.1875,0.7386363,6.507874,-0.03502741,0,0,None,00:00.0000,0,0,0,0,1.02978
00:02.5320,2.531647,7.357955,0.8806819,6.657381,0.2240218,0,0,None,00:00.0000,0,0,0,0,0.9602116
00:02.5480,2.548296,7.528409,1.022727,7.134489,0.6871748,0,0,triggerEnter,00:00.0000,0,7.384489,0.6871748,7,0.5174643
