00:00.0080,0.0082804,-8.092224,0.3526223,-8,0,0,0,None,00:00.0000,0,0,0,0
00:00.0140,0.0138849,-8.110308,0.5877036,-8.037071,0.1220614,0,0,None,00:00.0000,0,0,0,0
00:00.0260,0.0261029,-8.146474,1.094033,-8.064648,0.2373418,0,0,None,00:00.0000,0,0,0,0
00:00.0390,0.0389521,-8.164557,1.347197,-8.096519,0.5300634,0,0,None,00:00.0000,0,0,0,0
00:00.0500,0.0504891,-8.218806,1.925859,-8.143026,1.079623,0,0,None,00:00.0000,0,0,0,0
00:00.0610,0.0611292,-8.23689,2.21519,-8.171875,1.358075,0,0,None,00:00.0000,0,0,0,0
00:00.0720,0.0720429,-8.273056,2.504521,-8.204382,1.786633,0,0,None,00:00.0000,0,0,0,0
00:00.0830,0.0828574,-8.327306,3.028933,-8.238719,2.145577,0,0,None,00:00.0000,0,0,0,0
00:00.1090,0.108584,-8.345388,3.155515,-8.283012,2.587255,0,0,None,00:00.0000,0,0,0,0
00:00.1230,0.1225303,-8.327306,3.155515,-8.329794,3.008929,0,0,None,00:00.0000,0,0,0,0
00:00.1360,0.1364033,-8.273056,3.155515,-8.32855,3.082222,0,0,None,00:00.0000,0,0,0,0
00:00.1500,0.149694,-8.23689,3.173599,-8.300803,3.118869,0,0,None,00:00.0000,0,0,0,0
00:00.1640,0.1644707,-8.218806,3.191681,-8.257389,3.159916,0,0,None,00:00.0000,0,0,0,0
00:00.1780,0.1777164,-8.200723,3.209765,-8.238098,3.166758,0,0,None,00:00.0000,0,0,0,0
00:00.1870,0.1868247,-8.164557,3.245931,-8.228453,3.179219,0,0,None,00:00.0000,0,0,0,0
00:00.1990,0.1988447,-8.12839,3.264015,-8.214588,3.194492,0,0,None,00:00.0000,0,0,0,0
00:00.2140,0.2136302,-8.092224,3.35443,-8.158981,3.242113,0,0,None,00:00.0000,0,0,0,0
00:00.2280,0.2276303,-8.056058,3.444846,-8.125603,3.298272,0,0,None,00:00.0000,0,0,0,0
00:00.2430,0.24251,-8.056058,3.499096,-8.077965,3.399161,0,0,None,00:00.0000,0,0,0,0
00:00.2560,0.2558662,-8.037974,3.589511,-8.05797,3.476253,0,0,None,00:00.0000,0,0,0,0
00:00.2690,0.2693797,-8.019891,3.661845,-8.047972,3.532882,0,0,None,00:00.0000,0,0,0,0
00:00.2780,0.2781261,-8.019891,3.716094,-8.033932,3.588322,0,0,None,00:00.0000,0,0,0,0
00:00.2940,0.2938461,-8.001808,3.86076,-8.023401,3.670588,0,0,None,00:00.0000,0,0,0,0
00:00.3080,0.3082075,-7.947558,4.005425,-8.012605,3.738549,0,0,None,00:00.0000,0,0,0,0
00:00.3220,0.322192,-7.929476,4.077758,-7.972862,3.920623,0,0,None,00:00.0000,0,0,0,0
00:00.3360,0.3359115,-7.857143,4.186256,-7.933085,4.017273,0,0,None,00:00.0000,0,0,0,0
00:00.3490,0.3488691,-7.78481,4.25859,-7.895114,4.101765,0,0,None,00:00.0000,0,0,0,0
00:00.3620,0.3623981,-7.748643,4.276672,-7.821427,4.210342,0,0,None,00:00.0000,0,0,0,0
00:00.3760,0.3757354,-7.712477,4.294756,-7.775994,4.252549,0,0,None,00:00.0000,0,0,0,0
00:00.3890,0.3891979,-7.694394,4.294756,-7.744236,4.273653,0,0,None,00:00.0000,0,0,0,0
00:00.4010,0.4008498,-7.676311,4.312839,-7.711375,4.28948,0,0,None,00:00.0000,0,0,0,0
00:00.4150,0.4151908,-7.658228,4.330922,-7.693843,4.30116,0,0,None,00:00.0000,0,0,0,0
00:00.4280,0.4283647,-7.622062,4.367089,-7.676035,4.316041,0,0,None,00:00.0000,0,0,0,0
00:00.4420,0.4422342,-7.622062,4.385171,-7.640076,4.349806,0,0,None,00:00.0000,0,0,0,0
00:00.4560,0.4557045,-7.603978,4.385171,-7.631069,4.367489,0,0,None,00:00.0000,0,0,0,0
00:00.4690,0.4693142,-7.585895,4.385171,-7.617523,4.37633,0,0,None,00:00.0000,0,0,0,0
00:00.4820,0.4816985,-7.567811,4.385171,-7.607365,4.382961,0,0,None,00:00.0000,0,0,0,0
00:00.4970,0.4971268,-7.549728,4.403255,-7.59663,4.384067,0,0,None,00:00.0000,0,0,0,0
00:00.5110,0.5112952,-7.513562,4.421339,-7.565975,4.393937,0,0,None,00:00.0000,0,0,0,0
00:00.5250,0.5249183,-7.477396,4.439421,-7.539768,4.407638,0,0,None,00:00.0000,0,0,0,0
00:00.5390,0.5385754,-7.405063,4.475588,-7.526665,4.414488,0,0,None,00:00.0000,0,0,0,0
00:00.5520,0.55248,-7.368896,4.493671,-7.453547,4.451271,0,0,None,00:00.0000,0,0,0,0
00:00.5660,0.5658777,-7.33273,4.511754,-7.411222,4.472471,0,0,None,00:00.0000,0,0,0,0
00:00.5800,0.5795172,-7.296564,4.511754,-7.381018,4.483071,0,0,None,00:00.0000,0,0,0,0
00:00.5840,0.5844843,-7.296564,4.511754,-7.347833,4.497413,0,0,triggerEnter,00:00.0000,0,-7.097833,4.497413,0
00:00.5940,0.5938325,-7.296564,4.511754,-7.33124,4.504583,0,0,None,00:00.0000,0,0,0,0
00:00.6050,0.6045912,-7.296564,4.511754,-7.322944,4.508169,0,0,None,00:00.0000,0,0,0,0
00:00.6180,0.6183239,-7.278481,4.511754,-7.318795,4.509961,0,0,None,00:00.0000,0,0,0,0
00:00.6320,0.6315661,-7.260398,4.511754,-7.302121,4.511306,0,0,None,00:00.0000,0,0,0,0
00:00.6450,0.6451602,-7.242314,4.511754,-7.28126,4.51153,0,0,None,00:00.0000,0,0,0,0
00:00.6580,0.658489,-7.224232,4.493671,-7.270829,4.511642,0,0,None,00:00.0000,0,0,0,0
00:00.6730,0.673203,-7.206148,4.475588,-7.240402,4.502685,0,0,None,00:00.0000,0,0,0,0
00:00.6860,0.6862875,-7.188065,4.475588,-7.232317,4.498178,0,0,None,00:00.0000,0,0,0,0
00:00.6930,0.6925479,-7.151899,4.457505,-7.219233,4.486883,0,0,None,00:00.0000,0,0,0,0
00:00.7150,0.7146156,-7.097649,4.457505,-7.185566,4.472194,0,0,None,00:00.0000,0,0,0,0
00:00.7290,0.728953,-7.061483,4.457505,-7.150649,4.464849,0,0,None,00:00.0000,0,0,0,0
00:00.7440,0.7436115,-7.025317,4.439421,-7.083774,4.450299,0,0,None,00:00.0000,0,0,0,0
00:00.7550,0.7547081,-6.98915,4.439421,-7.054545,4.44486,0,0,None,00:00.0000,0,0,0,0
00:00.7700,0.769571,-6.971067,4.421339,-7.03089,4.442141,0,0,None,00:00.0000,0,0,0,0
00:00.7840,0.783994,-6.9349,4.421339,-6.981502,4.43106,0,0,None,00:00.0000,0,0,0,0
00:00.7930,0.7932304,-6.916817,4.403255,-6.958201,4.426199,0,0,None,00:00.0000,0,0,0,0
00:00.8090,0.8087651,-6.916817,4.403255,-6.94655,4.414727,0,0,None,00:00.0000,0,0,0,0
00:00.8190,0.8188052,-6.880651,4.367089,-6.940725,4.408991,0,0,None,00:00.0000,0,0,0,0
00:00.8330,0.8328446,-6.808318,4.330922,-6.90019,4.382085,0,0,None,00:00.0000,0,0,0,0
00:00.8470,0.8471854,-6.790235,4.294756,-6.872337,4.365545,0,0,None,00:00.0000,0,0,0,0
00:00.8520,0.8524649,-6.790235,4.294756,-6.830709,4.353824,-6.849897,4.102593,gateEnter,00:00.0000,0,0,0,0
00:00.8620,0.8615637,-6.790235,4.25859,-6.808351,4.352213,0,0,None,00:00.0000,0,0,0,0
00:00.8760,0.8755221,-6.772152,4.186256,-6.792008,4.349514,0,0,None,00:00.0000,0,0,0,0
00:00.8850,0.8847036,-6.754069,4.132008,-6.768576,4.344069,0,0,None,00:00.0000,0,0,0,0
00:00.8970,0.8969377,-6.735985,4.059675,-6.746497,4.336703,0,0,None,00:00.0000,0,0,0,0
00:00.9060,0.9064022,-6.717902,3.915009,-6.712106,4.321664,0,0,None,00:00.0000,0,0,0,0
00:00.9180,0.9176817,-6.699819,3.86076,-6.663456,4.281276,0,0,None,00:00.0000,0,0,0,0
00:00.9280,0.9280255,-6.681736,3.788426,-6.588594,4.188404,0,0,None,00:00.0000,0,0,0,0
00:00.9380,0.9384484,-6.681736,3.643761,-6.583942,4.032904,0,0,None,00:00.0000,0,0,0,0
00:00.9540,0.953649,-6.681736,3.571429,-6.5955,3.75913,0,0,None,00:00.0000,0,0,0,0
00:00.9680,0.9676276,-6.681736,3.372514,-6.5954,3.701446,0,0,None,00:00.0000,0,0,0,0
00:00.9820,0.9818075,-6.681736,3.300181,-6.595256,3.495433,0,0,None,00:00.0000,0,0,0,0
00:00.9970,0.9965545,-6.717902,3.155515,-6.595205,3.397807,0,0,None,00:00.0000,0,0,0,0
00:01.0130,1.013291,-6.735985,2.974684,-6.595131,3.234171,0,0,None,00:00.0000,0,0,0,0
00:01.0270,1.027253,-6.735985,2.811935,-6.595105,3.158677,0,0,None,00:00.0000,0,0,0,0
00:01.0420,1.042341,-6.735985,2.739602,-6.595067,2.921225,0,0,None,00:00.0000,0,0,0,0
00:01.0520,1.052004,-6.735985,2.61302,-6.595054,2.830413,0,0,None,00:00.0000,0,0,0,0
00:01.0680,1.067505,-6.735985,2.450271,-6.595043,2.748842,0,0,None,00:00.0000,0,0,0,0
00:01.0830,1.082803,-6.735985,2.323689,-6.595027,2.542997,0,0,None,00:00.0000,0,0,0,0
00:01.0930,1.092557,-6.735985,2.251356,-6.595022,2.469509,0,0,None,00:00.0000,0,0,0,0
00:01.1060,1.10616,-6.735985,2.070525,-6.595017,2.396599,0,0,None,00:00.0000,0,0,0,0
00:01.1220,1.122051,-6.699819,1.889693,-6.595011,2.174647,0,0,None,00:00.0000,0,0,0,0
00:01.1410,1.140503,-6.627487,1.582279,-6.595007,1.979014,0,0,None,00:00.0000,0,0,0,0
00:01.1580,1.15847,-6.59132,1.455696,-6.595005,1.799003,0,0,None,00:00.0000,0,0,0,0
00:01.1750,1.174939,-6.446654,1.0217,-6.593163,1.62735,0,0,None,00:00.0000,0,0,0,0
00:01.1900,1.18993,-6.392405,0.8589512,-6.537531,1.317778,-6.84,1.317778,gateExit,00:00.3370,0.3374655,0,0,0
00:01.1900,1.18993,-6.392405,0.8589512,-6.537531,1.317778,0,0,None,00:00.0000,0,0,0,0
00:01.2030,1.203141,-6.265823,0.5515373,-6.464968,1.088364,0,0,None,00:00.0000,0,0,0,0
00:01.2130,1.212863,-6.211573,0.4068714,-6.401562,0.9013252,0,0,None,00:00.0000,0,0,0,0
00:01.2250,1.22485,-6.157324,0.2260399,-6.306567,0.6540983,0,0,None,00:00.0000,0,0,0,0
00:01.2360,1.236025,-6.030741,-0.1175407,-6.25907,0.5304849,0,0,None,00:00.0000,0,0,0,0
00:01.2480,1.248249,-5.940325,-0.3164557,-6.17203,0.2878463,0,0,None,00:00.0000,0,0,0,0
00:01.2580,1.257954,-5.813743,-0.6238699,-6.101386,0.08515283,0,0,None,00:00.0000,0,0,0,0
00:01.2730,1.272808,-5.74141,-0.7866186,-6.004375,-0.3697607,-5.7525,-0.1790971,gateEnter,00:00.0000,0,0,0,1
00:01.2730,1.272808,-5.74141,-0.7866186,-6.004375,-0.3697607,0,0,None,00:00.0000,0,0,0,0
00:01.2840,1.28428,-5.614829,-1.057866,-6.0045,-0.5781896,0,0,None,00:00.0000,0,0,0,0
00:01.2990,1.299011,-5.560578,-1.256781,-6.0046,-0.7456951,0,0,None,00:00.0000,0,0,0,0
00:01.3110,1.310567,-5.524413,-1.455696,-6.004744,-1.088323,0,0,None,00:00.0000,0,0,0,0
00:01.3280,1.327796,-5.506329,-1.528029,-6.004795,-1.21776,0,0,None,00:00.0000,0,0,0,0
00:01.3420,1.341855,-5.506329,-1.672694,-6.004869,-1.432379,0,0,None,00:00.0000,0,0,0,0
00:01.3560,1.356283,-5.542495,-1.799277,-6.004895,-1.552536,0,0,None,00:00.0000,0,0,0,0
00:01.3700,1.369834,-5.560578,-1.943942,-6.004933,-1.719509,0,0,None,00:00.0000,0,0,0,0
00:01.3880,1.388148,-5.578662,-2.088608,-6.004946,-1.831725,0,0,None,00:00.0000,0,0,0,0
00:01.3980,1.398075,-5.578662,-2.142857,-6.004957,-1.924,0,0,None,00:00.0000,0,0,0,0
00:01.4140,1.41387,-5.614829,-2.305606,-6.004972,-2.07458,0,0,None,00:00.0000,0,0,0,0
00:01.4280,1.428319,-5.669078,-2.432188,-6.004978,-2.190093,0,0,None,00:00.0000,0,0,0,0
00:01.4430,1.442723,-5.759493,-2.594936,-6.004986,-2.353581,0,0,None,00:00.0000,0,0,0,0
00:01.4570,1.457344,-5.813743,-2.685353,-6.004989,-2.438093,0,0,None,00:00.0000,0,0,0,0
00:01.4720,1.471799,-5.886076,-2.793851,-6.004991,-2.516515,0,0,None,00:00.0000,0,0,0,0
00:01.4850,1.48521,-5.976492,-2.920434,-6.004994,-2.710955,0,0,None,00:00.0000,0,0,0,0
00:01.4960,1.496323,-6.030741,-2.992767,-6.004995,-2.78857,0,0,None,00:00.0000,0,0,0,0
00:01.5110,1.510665,-6.121158,-3.119349,-6.017869,-2.923634,0,0,None,00:00.0000,0,0,0,0
00:01.5240,1.523604,-6.175407,-3.245931,-6.069513,-3.021492,-5.760001,-3.021492,gateExit,00:00.2510,0.2507958,0,0,1
00:01.5240,1.523604,-6.175407,-3.245931,-6.069513,-3.021492,0,0,None,00:00.0000,0,0,0,0
00:01.5330,1.533475,-6.19349,-3.318264,-6.113419,-3.106587,0,0,None,00:00.0000,0,0,0,0
00:01.5490,1.548611,-6.19349,-3.35443,-6.153454,-3.203384,0,0,None,00:00.0000,0,0,0,0
00:01.5620,1.562271,-6.19349,-3.390597,-6.18348,-3.307627,0,0,None,00:00.0000,0,0,0,0
00:01.5710,1.571176,-6.175407,-3.462929,-6.188485,-3.349112,0,0,None,00:00.0000,0,0,0,0
00:01.5890,1.589252,-6.13924,-3.553345,-6.181946,-3.406021,0,0,None,00:00.0000,0,0,0,0
00:01.6030,1.60317,-6.103074,-3.625678,-6.158958,-3.502952,0,0,None,00:00.0000,0,0,0,0
00:01.6170,1.616674,-6.084991,-3.661844,-6.140058,-3.546232,0,0,None,00:00.0000,0,0,0,0
00:01.6260,1.626068,-6.048824,-3.734177,-6.103278,-3.6239,0,0,None,00:00.0000,0,0,0,0
00:01.6460,1.645712,-6.030741,-3.788427,-6.076051,-3.679039,0,0,None,00:00.0000,0,0,0,0
00:01.6600,1.659655,-5.994575,-3.860759,-6.053396,-3.724691,0,0,None,00:00.0000,0,0,0,0
00:01.6730,1.673329,-5.994575,-3.896926,-6.013801,-3.817701,0,0,None,00:00.0000,0,0,0,0
00:01.6860,1.686406,-5.976492,-3.951175,-6.004188,-3.857313,0,0,None,00:00.0000,0,0,0,0
00:01.6920,1.691899,-5.976492,-3.969259,-6.00435,-3.886161,-5.757094,-3.857313,gateEnter,00:00.0000,0,0,0,1
00:01.6960,1.696451,-5.976492,-3.987342,-6.00435,-3.886161,0,0,None,00:00.0000,0,0,0,0
00:01.7100,1.70969,-5.976492,-4.023508,-6.00448,-3.918668,0,0,None,00:00.0000,0,0,0,0
00:01.7200,1.720294,-5.976492,-4.059674,-6.004584,-3.953005,0,0,None,00:00.0000,0,0,0,0
00:01.7340,1.733939,-5.958409,-4.132008,-6.004734,-4.023965,0,0,None,00:00.0000,0,0,0,0
00:01.7430,1.742837,-5.940325,-4.168174,-6.004787,-4.050861,0,0,None,00:00.0000,0,0,0,0
00:01.7550,1.75462,-5.922243,-4.20434,-6.00483,-4.109518,0,0,None,00:00.0000,0,0,0,0
00:01.7630,1.763412,-5.904159,-4.258589,-6.003004,-4.158403,0,0,None,00:00.0000,0,0,0,0
00:01.7780,1.777666,-5.886076,-4.276672,-5.975463,-4.218283,0,0,None,00:00.0000,0,0,0,0
00:01.7910,1.790886,-5.867993,-4.294756,-5.959548,-4.24879,0,0,triggerEnter,00:00.0000,0,-5.709548,-4.24879,1
00:01.7960,1.796132,-5.867993,-4.294756,-5.959548,-4.24879,0,0,None,00:00.0000,0,0,0,0
00:01.8110,1.810565,-5.867993,-4.294756,-5.940653,-4.2754,0,0,None,00:00.0000,0,0,0,0
00:01.8250,1.824672,-5.867993,-4.312839,-5.91058,-4.305539,0,0,None,00:00.0000,0,0,0,0
00:01.8380,1.838336,-5.849909,-4.312839,-5.89536,-4.308778,0,0,None,00:00.0000,0,0,0,0
00:01.8520,1.851685,-5.831826,-4.312839,-5.87978,-4.319432,0,0,None,00:00.0000,0,0,0,0
00:01.8650,1.864839,-5.831826,-4.312839,-5.870165,-4.325133,0,0,None,00:00.0000,0,0,0,0
00:01.8780,1.877741,-5.813743,-4.330922,-5.8578,-4.331733,0,0,None,00:00.0000,0,0,0,0
00:01.8910,1.890765,-5.79566,-4.330922,-5.847279,-4.336627,0,0,None,00:00.0000,0,0,0,0
00:01.9010,1.901476,-5.759493,-4.330922,-5.818584,-4.347435,0,0,None,00:00.0000,0,0,0,0
00:01.9110,1.911103,-5.74141,-4.349006,-5.810065,-4.349797,0,0,None,00:00.0000,0,0,0,0
00:01.9230,1.922861,-5.614829,-4.349006,-5.776629,-4.357694,0,0,None,00:00.0000,0,0,0,0
00:01.9430,1.943044,-5.542495,-4.349006,-5.71492,-4.36407,0,0,None,00:00.0000,0,0,0,0
00:01.9530,1.952577,-5.470163,-4.349006,-5.628707,-4.356538,-5.628707,-4.11,gateExit,00:00.2610,0.2606785,0,0,1
00:01.9570,1.956543,-5.39783,-4.349006,-5.628707,-4.356538,0,0,None,00:00.0000,0,0,0,0
00:01.9660,1.965889,-5.325497,-4.330922,-5.549435,-4.356538,-5.628707,-4.108269,gateEnter,00:00.0000,0,0,0,1
00:01.9710,1.970711,-5.216999,-4.330922,-5.473632,-4.356538,0,0,None,00:00.0000,0,0,0,0
00:01.9820,1.981658,-5.090415,-4.312839,-5.399565,-4.356538,0,0,None,00:00.0000,0,0,0,0
00:01.9930,1.992548,-5.036166,-4.312839,-5.272115,-4.34373,-5.444105,-4.108078,gateExit,00:00.0270,0.02665865,0,0,1
00:01.9980,1.998005,-4.963834,-4.294756,-5.272115,-4.34373,0,0,None,00:00.0000,0,0,0,0
00:02.0080,2.008065,-4.909584,-4.258589,-5.15414,-4.328284,0,0,None,00:00.0000,0,0,0,0
00:02.0240,2.023784,-4.837251,-4.186257,-4.984285,-4.285055,0,0,None,00:00.0000,0,0,0,0
00:02.0380,2.037811,-4.728752,-4.041591,-4.910769,-4.235656,0,0,None,00:00.0000,0,0,0,0
00:02.0520,2.051638,-4.674503,-3.80651,-4.778777,-4.10367,0,0,None,00:00.0000,0,0,0,0
00:02.0660,2.06637,-4.638336,-3.40868,-4.735682,-4.027423,0,0,None,00:00.0000,0,0,0,0
00:02.0760,2.075657,-4.638336,-3.101266,-4.696051,-3.844634,0,0,None,00:00.0000,0,0,0,0
00:02.0940,2.093678,-4.656419,-2.468354,-4.652765,-3.363961,0,0,None,00:00.0000,0,0,0,0
00:02.1040,2.104326,-4.656419,-2.21519,-4.654592,-2.916158,0,0,None,00:00.0000,0,0,0,0
00:02.1200,2.119678,-4.674503,-1.600362,-4.664547,-2.448133,0,0,None,00:00.0000,0,0,0,0
00:02.1340,2.134025,-4.674503,-1.41953,-4.672014,-1.857513,0,0,None,00:00.0000,0,0,0,0
00:02.1470,2.146749,-4.710669,-1.003617,-4.673259,-1.728937,0,0,None,00:00.0000,0,0,0,0
00:02.1620,2.161849,-4.728752,-0.8227849,-4.696795,-1.234676,0,0,None,00:00.0000,0,0,0,0
00:02.1760,2.176443,-4.801085,-0.352622,-4.712774,-1.02873,0,0,None,00:00.0000,0,0,0,0
00:02.1860,2.185958,-4.8915,0.117541,-4.738846,-0.8172585,0,0,None,00:00.0000,0,0,0,0
00:02.2000,2.200194,-4.94575,0.3345388,-4.788049,-0.4764411,0,0,None,00:00.0000,0,0,0,0
00:02.2110,2.211186,-5.018084,0.714286,-4.839775,-0.1794501,0,0,None,00:00.0000,0,0,0,0
00:02.2210,2.220832,-5.036166,0.8227849,-4.946382,0.3687904,0,0,None,00:00.0000,0,0,0,0
00:02.2360,2.235672,-5.036166,0.913201,-4.991274,0.5957876,0,0,None,00:00.0000,0,0,0,0
00:02.2500,2.250065,-5.018084,0.9855336,-5.01372,0.7544943,0,0,None,00:00.0000,0,0,0,0
00:02.2640,2.264287,-4.981917,1.166365,-5.012471,0.9548984,0,0,None,00:00.0000,0,0,0,0
00:02.2780,2.278218,-4.801085,1.690778,-4.997194,1.060632,0,0,None,00:00.0000,0,0,0,0
00:02.2900,2.289994,-4.584087,2.16094,-4.953389,1.231039,0,0,None,00:00.0000,0,0,0,0
00:02.3000,2.299911,-4.49367,2.305606,-4.757787,1.765717,0,0,None,00:00.0000,0,0,0,0
00:02.3160,2.316027,-4.403255,2.468355,-4.625729,2.035661,0,0,None,00:00.0000,0,0,0,0
00:02.3250,2.32477,-4.385171,2.504521,-4.604375,2.233924,-4.3525,2.095276,gateEnter,00:00.0000,0,0,0,2
00:02.3290,2.329474,-4.385171,2.504521,-4.604375,2.233924,0,0,None,00:00.0000,0,0,0,0
00:02.3450,2.344551,-4.367088,2.55877,-4.6046,2.445913,0,0,None,00:00.0000,0,0,0,0
00:02.3580,2.358481,-4.367088,2.594936,-4.60468,2.502342,0,0,None,00:00.0000,0,0,0,0
00:02.3730,2.37253,-4.349006,2.649186,-4.604795,2.567267,0,0,None,00:00.0000,0,0,0,0
00:02.3860,2.386414,-4.294756,2.920434,-4.604869,2.619665,0,0,None,00:00.0000,0,0,0,0
00:02.4070,2.406578,-4.276673,2.992766,-4.604895,2.66155,0,0,None,00:00.0000,0,0,0,0
00:02.4160,2.416367,-4.276673,3.047016,-4.604916,2.790992,0,0,None,00:00.0000,0,0,0,0
00:02.4320,2.431635,-4.276673,3.101266,-4.604933,2.891879,0,0,None,00:00.0000,0,0,0,0
00:02.4400,2.440149,-4.276673,3.155515,-4.604946,2.978489,0,0,None,00:00.0000,0,0,0,0
00:02.4550,2.454979,-4.276673,3.227848,-4.604966,3.097696,0,0,None,00:00.0000,0,0,0,0
00:02.4690,2.468525,-4.294756,3.300181,-4.604972,3.162772,0,0,None,00:00.0000,0,0,0,0
00:02.4830,2.483049,-4.312839,3.40868,-4.604982,3.261308,0,0,None,00:00.0000,0,0,0,0
00:02.4940,2.494007,-4.312839,3.46293,-4.604986,3.307869,0,0,None,00:00.0000,0,0,0,0
00:02.5080,2.508335,-4.330922,3.607595,-4.604989,3.385399,0,0,None,00:00.0000,0,0,0,0
00:02.5240,2.524046,-4.330922,3.75226,-4.604993,3.533963,0,0,None,00:00.0000,0,0,0,0
00:02.5390,2.539064,-4.330922,3.878843,-4.604994,3.597904,0,0,None,00:00.0000,0,0,0,0
00:02.5530,2.552752,-4.330922,3.915009,-4.604996,3.790525,0,0,None,00:00.0000,0,0,0,0
00:02.5620,2.562464,-4.349006,4.077758,-4.604997,3.852767,0,0,None,00:00.0000,0,0,0,0
00:02.5770,2.577403,-4.367088,4.186256,-4.604998,3.965262,0,0,None,00:00.0000,0,0,0,0
00:02.5900,2.590358,-4.385171,4.25859,-4.604998,4.048635,0,0,None,00:00.0000,0,0,0,0
00:02.6020,2.602154,-4.421338,4.385171,-4.604999,4.188018,0,0,None,00:00.0000,0,0,0,0
00:02.6120,2.61209,-4.421338,4.421339,-4.604999,4.250428,0,0,None,00:00.0000,0,0,0,0
00:02.6230,2.622961,-4.421338,4.457505,-4.604999,4.3178,0,0,None,00:00.0000,0,0,0,0
00:02.6370,2.636984,-4.421338,4.457505,-4.604999,4.369569,0,0,None,00:00.0000,0,0,0,0
00:02.6520,2.651548,-4.421338,4.475588,-4.604999,4.408396,0,0,None,00:00.0000,0,0,0,0
00:02.6640,2.664463,-4.421338,4.475588,-4.604999,4.43295,0,0,None,00:00.0000,0,0,0,0
00:02.6770,2.676907,-4.421338,4.475588,-4.604999,4.445228,0,0,None,00:00.0000,0,0,0,0
00:02.6910,2.691004,-4.457504,4.349005,-4.604999,4.451366,0,0,None,00:00.0000,0,0,0,0
00:02.7050,2.705234,-4.475588,4.240506,-4.604999,4.392679,0,0,None,00:00.0000,0,0,0,0
00:02.7160,2.716477,-4.49367,4.113924,-4.604999,4.370842,0,0,None,00:00.0000,0,0,0,0
00:02.7310,2.731251,-4.529837,3.788426,-4.604999,4.191716,0,0,None,00:00.0000,0,0,0,0
00:02.7460,2.745865,-4.566004,3.571429,-4.604999,3.990071,0,0,None,00:00.0000,0,0,0,0
00:02.7600,2.759765,-4.60217,3.083183,-4.604999,3.78075,0,0,None,00:00.0000,0,0,0,0
00:02.7690,2.769311,-4.656419,2.468355,-4.604999,3.558549,0,0,None,00:00.0000,0,0,0,0
00:02.7810,2.780505,-4.674503,2.179024,-4.604999,3.320866,0,0,None,00:00.0000,0,0,0,0
00:02.7950,2.794853,-4.728752,1.41953,-4.652606,2.536817,-4.36,2.536817,gateExit,00:00.4700,0.470083,0,0,2
00:02.7950,2.794853,-4.728752,1.41953,-4.652606,2.536817,0,0,None,00:00.0000,0,0,0,0
00:02.8060,2.805833,-4.746835,1.057866,-4.681638,2.168047,0,0,None,00:00.0000,0,0,0,0
00:02.8160,2.816436,-4.746835,0.6962025,-4.705195,1.793788,0,0,None,00:00.0000,0,0,0,0
00:02.8270,2.826848,-4.746835,0.009041429,-4.726015,1.425827,0,0,None,00:00.0000,0,0,0,0
00:02.8410,2.841126,-4.746835,-0.3164557,-4.736425,0.880183,0,0,None,00:00.0000,0,0,0,0
00:02.8540,2.854392,-4.746835,-0.8589512,-4.744233,0.0640783,0,0,None,00:00.0000,0,0,0,0
00:02.8680,2.867827,-4.746835,-1.36528,-4.745534,-0.3974364,0,0,None,00:00.0000,0,0,0,0
00:02.8820,2.881943,-4.746835,-1.618445,-4.74651,-1.055507,0,0,None,00:00.0000,0,0,0,0
00:02.8910,2.891026,-4.764919,-2.088608,-4.746673,-1.336976,0,0,None,00:00.0000,0,0,0,0
00:02.9070,2.906643,-4.783002,-2.55877,-4.746754,-1.613334,0,0,None,00:00.0000,0,0,0,0
00:02.9170,2.916672,-4.783002,-2.811935,-4.755836,-1.850971,0,0,None,00:00.0000,0,0,0,0
00:02.9310,2.930992,-4.783002,-3.191682,-4.776211,-2.508403,0,0,None,00:00.0000,0,0,0,0
00:02.9450,2.94523,-4.783002,-3.372514,-4.779606,-2.850042,0,0,None,00:00.0000,0,0,0,0
00:02.9550,2.954758,-4.728752,-3.679928,-4.781304,-3.111278,0,0,None,00:00.0000,0,0,0,0
00:02.9690,2.9692,-4.692585,-3.80651,-4.773111,-3.32327,0,0,None,00:00.0000,0,0,0,0
00:02.9780,2.977878,-4.638336,-4.023508,-4.750932,-3.501599,0,0,None,00:00.0000,0,0,0,0
00:02.9930,2.993212,-4.620254,-4.113924,-4.671006,-3.865906,0,0,None,00:00.0000,0,0,0,0
00:02.9970,2.99746,-4.584087,-4.294756,-4.654671,-3.944707,0,0,None,00:00.0000,0,0,0,0
00:03.0180,3.0176,-4.54792,-4.439421,-4.619379,-4.119731,0,0,None,00:00.0000,0,0,0,0
00:03.0320,3.032105,-4.54792,-4.511754,-4.570306,-4.345937,0,0,None,00:00.0000,0,0,0,0
00:03.0450,3.044873,-4.54792,-4.566004,-4.559113,-4.410762,0,0,triggerEnter,00:00.0000,0,-4.309113,-4.410762,2
00:03.0450,3.044873,-4.54792,-4.566004,-4.559113,-4.410762,0,0,None,00:00.0000,0,0,0,0
00:03.0590,3.059446,-4.566004,-4.674502,-4.553516,-4.461258,0,0,None,00:00.0000,0,0,0,0
00:03.0740,3.073849,-4.584087,-4.728752,-4.562882,-4.607629,0,0,None,00:00.0000,0,0,0,0
00:03.0870,3.086937,-4.60217,-4.819168,-4.573484,-4.66819,0,0,None,00:00.0000,0,0,0,0
00:03.0920,3.09169,-4.60217,-4.837251,-4.599972,-4.713101,-4.35838,-4.795056,gateEnter,00:00.0000,0,0,0,2
00:03.0990,3.098979,-4.60217,-4.855334,-4.599972,-4.713101,0,0,None,00:00.0000,0,0,0,0
00:03.1050,3.104742,-4.60217,-4.855334,-4.601071,-4.745625,-4.600714,-4.997499,wallEnter,00:00.0130,0.01305127,0,0,-1
00:03.1100,3.109564,-4.60217,-4.873418,-4.601071,-4.745625,0,0,None,00:00.0000,0,0,0,0
00:03.1210,3.121283,-4.60217,-4.873418,-4.601895,-4.7454,0,0,None,00:00.0000,0,0,0,0
00:03.1350,3.135383,-4.60217,-4.873418,-4.602033,-4.745256,0,0,None,00:00.0000,0,0,0,0
00:03.1610,3.161025,-4.60217,-4.873418,-4.602101,-4.745205,0,0,None,00:00.0000,0,0,0,0
00:03.1740,3.17444,-4.584087,-4.873418,-4.602153,-4.745131,0,0,None,00:00.0000,0,0,0,0
00:03.1870,3.186852,-4.566004,-4.873418,-4.602161,-4.745105,0,0,None,00:00.0000,0,0,0,0
00:03.2000,3.199894,-4.54792,-4.873418,-4.602161,-4.745067,0,0,None,00:00.0000,0,0,0,0
00:03.2140,3.213798,-4.511754,-4.855334,-4.602161,-4.745054,0,0,None,00:00.0000,0,0,0,0
00:03.2290,3.229268,-4.475588,-4.801085,-4.602161,-4.745043,0,0,None,00:00.0000,0,0,0,0
00:03.2440,3.243621,-4.403255,-4.692586,-4.602161,-4.745028,0,0,None,00:00.0000,0,0,0,0
00:03.2570,3.257474,-4.367088,-4.674502,-4.598658,-4.728957,0,0,None,00:00.0000,0,0,0,0
00:03.2630,3.262771,-4.349006,-4.656419,-4.586482,-4.686337,-4.586481,-4.99,wallExit,00:00.1710,0.1710811,0,0,-1
00:03.2680,3.267683,-4.312839,-4.656419,-4.586482,-4.686337,0,0,None,00:00.0000,0,0,0,0
00:03.2810,3.281173,-4.312839,-4.656419,-4.546771,-4.628838,0,0,None,00:00.0000,0,0,0,0
00:03.2940,3.293659,-4.294756,-4.656419,-4.467943,-4.565826,0,0,None,00:00.0000,0,0,0,0
00:03.3030,3.30296,-4.294756,-4.656419,-4.417163,-4.551342,0,0,None,00:00.0000,0,0,0,0
00:03.3180,3.318461,-4.258589,-4.638336,-4.373348,-4.539507,0,0,None,00:00.0000,0,0,0,0
00:03.3290,3.329061,-4.222423,-4.620253,-4.327321,-4.544394,0,0,None,00:00.0000,0,0,0,0
00:03.3430,3.342727,-4.150091,-4.584087,-4.257689,-4.544394,0,0,None,00:00.0000,0,0,0,0
00:03.3570,3.35677,-4.095841,-4.529838,-4.20389,-4.544394,0,0,None,00:00.0000,0,0,0,0
00:03.3710,3.370508,-4.041591,-4.475588,-4.167949,-4.544394,0,0,None,00:00.0000,0,0,0,0
00:03.3850,3.384588,-4.023508,-4.457504,-4.086743,-4.506351,-4.086744,-4.789999,gateExit,00:00.2930,0.2928975,0,0,2
00:03.3850,3.384588,-4.023508,-4.457504,-4.086743,-4.506351,0,0,None,00:00.0000,0,0,0,0
00:03.3980,3.397966,-3.951175,-4.367089,-4.055126,-4.481928,0,0,None,00:00.0000,0,0,0,0
00:03.4120,3.41152,-3.896926,-4.294756,-3.986205,-4.409361,0,0,None,00:00.0000,0,0,0,0
00:03.4230,3.423442,-3.842676,-4.186257,-3.950607,-4.379183,0,0,None,00:00.0000,0,0,0,0
00:03.4380,3.437687,-3.788427,-4.023508,-3.905683,-4.309845,0,0,None,00:00.0000,0,0,0,0
00:03.4440,3.444239,-3.788427,-4.023508,-3.826245,-4.255291,-4.04584,-4.106048,gateEnter,00:00.0000,0,0,0,2
00:03.4540,3.45403,-3.734177,-3.915009,-3.807336,-4.1394,-4.040129,-4.101602,gateExit,00:00.0100,0.009790897,0,0,2
00:03.4540,3.45403,-3.734177,-3.915009,-3.807336,-4.1394,0,0,None,00:00.0000,0,0,0,0
00:03.4650,3.464589,-3.716094,-3.824593,-3.762281,-4.028581,-4.047117,-4.100468,gateEnter,00:00.0000,0,0,0,2
00:03.4650,3.464589,-3.716094,-3.824593,-3.762281,-4.028581,0,0,None,00:00.0000,0,0,0,0
00:03.4750,3.47467,-3.679928,-3.481013,-3.739188,-3.926587,-4.039999,-3.926587,gateExit,00:00.0100,0.01008081,0,0,2
00:03.4750,3.47467,-3.679928,-3.481013,-3.739188,-3.926587,0,0,None,00:00.0000,0,0,0,0
00:03.4850,3.485103,-3.661844,-3.227848,-3.718599,-3.821341,0,0,None,00:00.0000,0,0,0,0
00:03.4990,3.499469,-3.643761,-2.649186,-3.699264,-3.651176,0,0,None,00:00.0000,0,0,0,0
00:03.5110,3.510935,-3.625678,-2.341772,-3.671513,-3.285805,0,0,None,00:00.0000,0,0,0,0
00:03.5260,3.525527,-3.589511,-1.799277,-3.641658,-2.654634,0,0,None,00:00.0000,0,0,0,0
00:03.5370,3.536661,-3.481013,-1.311031,-3.607069,-2.067366,0,0,None,00:00.0000,0,0,0,0
00:03.5560,3.556074,-3.390596,-0.8408681,-3.544041,-1.689198,0,0,None,00:00.0000,0,0,0,0
00:03.5660,3.566063,-3.35443,-0.5877033,-3.485402,-1.391615,0,0,None,00:00.0000,0,0,0,0
00:03.5760,3.576439,-3.336347,-0.3164557,-3.437999,-1.116242,0,0,None,00:00.0000,0,0,0,0
00:03.5910,3.590531,-3.372514,0.8047014,-3.366281,-0.5842141,0,0,None,00:00.0000,0,0,0,0
00:03.6070,3.607059,-3.535262,1.672695,-3.343831,0.05060109,0,0,None,00:00.0000,0,0,0,0
00:03.6230,3.623327,-3.625678,2.124774,-3.394339,0.6446495,0,0,None,00:00.0000,0,0,0,0
00:03.6380,3.637872,-3.75226,2.757685,-3.510008,1.384712,0,0,None,00:00.0000,0,0,0,0
00:03.6520,3.652498,-3.80651,3.155515,-3.678135,2.342109,0,0,None,00:00.0000,0,0,0,0
00:03.6680,3.667542,-3.80651,3.426763,-3.733281,2.667438,0,0,None,00:00.0000,0,0,0,0
00:03.6810,3.681075,-3.788427,3.643761,-3.769895,2.983809,0,0,None,00:00.0000,0,0,0,0
00:03.6950,3.694597,-3.770344,3.75226,-3.788315,3.451648,0,0,None,00:00.0000,0,0,0,0
00:03.7080,3.707752,-3.75226,3.969259,-3.779357,3.649982,0,0,None,00:00.0000,0,0,0,0
00:03.7260,3.725786,-3.75226,4.240506,-3.765809,3.809621,0,0,None,00:00.0000,0,0,0,0
00:03.7360,3.736317,-3.75226,4.385171,-3.759035,3.952731,0,0,None,00:00.0000,0,0,0,0
00:03.7500,3.749838,-3.734177,4.60217,-3.755648,4.168951,0,0,None,00:00.0000,0,0,0,0
00:03.7640,3.764347,-3.716094,4.638336,-3.744066,4.480303,0,0,None,00:00.0000,0,0,0,0
00:03.7770,3.776998,-3.716094,4.65642,-3.739121,4.541236,0,0,None,00:00.0000,0,0,0,0
00:03.7900,3.790388,-3.698011,4.674502,-3.727608,4.589787,0,0,None,00:00.0000,0,0,0,0
00:03.8050,3.805078,-3.679928,4.692586,-3.70541,4.648803,0,0,None,00:00.0000,0,0,0,0
00:03.8180,3.818455,-3.661844,4.819169,-3.692669,4.670694,0,0,None,00:00.0000,0,0,0,0
00:03.8300,3.830261,-3.661844,4.891501,-3.686298,4.68164,0,0,None,00:00.0000,0,0,0,0
00:03.8440,3.843849,-3.661844,4.963834,-3.667958,4.749323,-3.674071,4.995202,wallEnter,00:00.0000,0,0,0,-1
00:03.8440,3.843849,-3.661844,4.963834,-3.667958,4.749323,0,0,None,00:00.0000,0,0,0,0
00:03.8550,3.854557,-3.661844,4.981916,-3.664901,4.748459,0,0,None,00:00.0000,0,0,0,0
00:03.8680,3.868389,-3.661844,4.981916,-3.663373,4.747767,0,0,None,00:00.0000,0,0,0,0
00:03.8820,3.882232,-3.643761,4.981916,-3.662226,4.746771,0,0,None,00:00.0000,0,0,0,0
00:03.8960,3.89619,-3.607595,4.963834,-3.662035,4.746417,0,0,None,00:00.0000,0,0,0,0
00:03.9130,3.912992,-3.535262,4.909584,-3.625726,4.745907,0,0,None,00:00.0000,0,0,0,0
00:03.9290,3.928905,-3.517179,4.891501,-3.580494,4.745726,0,0,None,00:00.0000,0,0,0,0
00:03.9440,3.94352,-3.499096,4.855335,-3.537529,4.745464,0,0,None,00:00.0000,0,0,0,0
00:03.9560,3.956073,-3.444846,4.801085,-3.518312,4.745371,0,0,None,00:00.0000,0,0,0,0
00:03.9700,3.970422,-3.40868,4.728752,-3.490621,4.745297,0,0,None,00:00.0000,0,0,0,0
00:03.9840,3.984225,-3.390596,4.710669,-3.438207,4.736995,0,0,None,00:00.0000,0,0,0,0
00:03.9930,3.993315,-3.372514,4.692586,-3.414402,4.723832,-3.414402,4.99,wallExit,00:00.1490,0.1494668,0,0,-1
00:03.9970,3.997464,-3.35443,4.674502,-3.414402,4.723832,0,0,None,00:00.0000,0,0,0,0
00:04.0070,4.007473,-3.336347,4.65642,-3.393458,4.708209,0,0,None,00:00.0000,0,0,0,0
00:04.0210,4.020818,-3.336347,4.65642,-3.373944,4.691356,0,0,None,00:00.0000,0,0,0,0
00:04.0310,4.031194,-3.318264,4.65642,-3.359309,4.678716,0,0,None,00:00.0000,0,0,0,0
00:04.0450,4.044756,-3.300181,4.65642,-3.347828,4.667568,0,0,None,00:00.0000,0,0,0,0
00:04.0590,4.059032,-3.282098,4.674502,-3.333046,4.661994,0,0,None,00:00.0000,0,0,0,0
00:04.0730,4.073121,-3.264014,4.692586,-3.299356,4.671375,0,0,None,00:00.0000,0,0,0,0
00:04.0860,4.086053,-3.227848,4.710669,-3.281685,4.681981,0,0,None,00:00.0000,0,0,0,0
00:04.1000,4.099596,-3.155515,4.710669,-3.263808,4.696325,0,0,None,00:00.0000,0,0,0,0
00:04.1130,4.113138,-3.065099,4.710669,-3.19163,4.707083,0,0,None,00:00.0000,0,0,0,0
00:04.1240,4.124188,-3.047016,4.710669,-3.18641,4.693509,-2.958811,4.796611,gateEnter,00:00.0000,0,0,0,3
00:04.1290,4.128635,-3.01085,4.710669,-3.18641,4.693509,0,0,None,00:00.0000,0,0,0,0
00:04.1440,4.143798,-2.902351,4.692586,-3.15999,4.654878,0,0,triggerEnter,00:00.0000,0,-2.90999,4.654878,3
00:04.1440,4.143798,-2.902351,4.692586,-3.15999,4.654878,0,0,None,00:00.0000,0,0,0,0
00:04.1580,4.157826,-2.848101,4.692586,-3.140167,4.626194,0,0,None,00:00.0000,0,0,0,0
00:04.1730,4.172565,-2.739602,4.692586,-3.032074,4.550406,0,0,None,00:00.0000,0,0,0,0
00:04.1860,4.186182,-2.576854,4.692586,-2.93591,4.533428,0,0,None,00:00.0000,0,0,0,0
00:04.1980,4.197735,-2.486437,4.692586,-2.783507,4.545624,0,0,None,00:00.0000,0,0,0,0
00:04.2030,4.202984,-2.106691,4.674502,-2.68018,4.545399,0,0,None,00:00.0000,0,0,0,0
00:04.2250,4.225304,-1.962025,4.674502,-2.518588,4.581005,0,0,None,00:00.0000,0,0,0,0
00:04.2430,4.243492,-1.600362,4.638336,-2.240306,4.627753,0,0,None,00:00.0000,0,0,0,0
00:04.2530,4.25297,-1.455696,4.620254,-2.01075,4.642087,-2.640292,4.797601,gateExit,00:00.1290,0.1287818,0,0,3
00:04.2570,4.257472,-1.329114,4.60217,-2.01075,4.642087,0,0,None,00:00.0000,0,0,0,0
00:04.2630,4.262671,-1.220615,4.584086,-1.804375,4.63117,-1.5525,4.6336,gateEnter,00:00.0000,0,0,0,4
00:04.2680,4.267524,-1.220615,4.584086,-1.804375,4.63117,0,0,None,00:00.0000,0,0,0,0
00:04.2780,4.278157,-1.166366,4.566004,-1.8045,4.61667,0,0,None,00:00.0000,0,0,0,0
00:04.2920,4.292447,-1.148282,4.54792,-1.80468,4.583191,0,0,None,00:00.0000,0,0,0,0
00:04.3060,4.305719,-1.148282,4.54792,-1.804744,4.574597,0,0,None,00:00.0000,0,0,0,0
00:04.3150,4.315146,-1.148282,4.511754,-1.804795,4.561259,0,0,None,00:00.0000,0,0,0,0
00:04.3290,4.329191,-1.148282,4.421339,-1.804869,4.528651,0,0,None,00:00.0000,0,0,0,0
00:04.3460,4.345962,-1.148282,4.349005,-1.804895,4.493078,0,0,None,00:00.0000,0,0,0,0
00:04.3560,4.355851,-1.148282,4.186256,-1.804916,4.421041,0,0,None,00:00.0000,0,0,0,0
00:04.3730,4.373074,-1.130199,3.987341,-1.804946,4.267557,0,0,None,00:00.0000,0,0,0,0
00:04.3880,4.387825,-1.130199,3.80651,-1.804957,4.127449,0,0,None,00:00.0000,0,0,0,0
00:04.3970,4.396965,-1.130199,3.643761,-1.804966,4.021229,0,0,None,00:00.0000,0,0,0,0
00:04.4120,4.412348,-1.130199,3.300181,-1.804978,3.778815,0,0,None,00:00.0000,0,0,0,0
00:04.4250,4.425001,-1.130199,3.0651,-1.804982,3.620872,0,0,None,00:00.0000,0,0,0,0
00:04.4380,4.438269,-1.184448,2.631103,-1.804986,3.460527,0,0,None,00:00.0000,0,0,0,0
00:04.4530,4.452561,-1.256781,2.197106,-1.804991,2.888187,0,0,None,00:00.0000,0,0,0,0
00:04.4670,4.466697,-1.329114,1.799276,-1.804993,2.660188,0,0,None,00:00.0000,0,0,0,0
00:04.4810,4.480794,-1.365281,1.654611,-1.804995,2.059712,0,0,None,00:00.0000,0,0,0,0
00:04.4960,4.495848,-1.437613,1.347197,-1.804996,1.775787,0,0,None,00:00.0000,0,0,0,0
00:04.5050,4.505031,-1.473779,1.220615,-1.804997,1.561492,0,0,None,00:00.0000,0,0,0,0
00:04.5200,4.52,-1.509946,0.9493673,-1.804998,1.391054,0,0,None,00:00.0000,0,0,0,0
00:04.5290,4.52931,-1.528029,0.6600362,-1.804999,1.091434,0,0,None,00:00.0000,0,0,0,0
00:04.5460,4.546084,-1.528029,0.3526223,-1.804999,0.9571096,0,0,None,00:00.0000,0,0,0,0
00:04.5610,4.560632,-1.528029,0.2079564,-1.804999,0.7362403,0,0,None,00:00.0000,0,0,0,0
00:04.5740,4.574162,-1.528029,-0.1175407,-1.804999,0.3761939,0,0,None,00:00.0000,0,0,0,0
00:04.5880,4.588468,-1.528029,-0.4249549,-1.804999,0.1293266,0,0,None,00:00.0000,0,0,0,0
00:04.6020,4.602078,-1.528029,-0.5877033,-1.805,-0.2456973,0,0,None,00:00.0000,0,0,0,0
00:04.6160,4.615677,-1.528029,-0.8589512,-1.805,-0.4890331,0,0,None,00:00.0000,0,0,0,0
00:04.6270,4.627007,-1.528029,-1.184449,-1.805,-0.610701,0,0,None,00:00.0000,0,0,0,0
00:04.6410,4.640592,-1.528029,-1.311031,-1.805,-0.8162004,0,0,None,00:00.0000,0,0,0,0
00:04.6540,4.653929,-1.528029,-1.636528,-1.805,-1.155678,0,0,None,00:00.0000,0,0,0,0
00:04.6680,4.668142,-1.564195,-1.962025,-1.805,-1.32377,0,0,None,00:00.0000,0,0,0,0
00:04.6830,4.683005,-1.600362,-2.287523,-1.805,-1.766295,0,0,None,00:00.0000,0,0,0,0
00:04.6970,4.69656,-1.618445,-2.432188,-1.805,-1.954576,0,0,None,00:00.0000,0,0,0,0
00:04.7110,4.71101,-1.654611,-2.830018,-1.805,-2.348952,0,0,None,00:00.0000,0,0,0,0
00:04.7230,4.722879,-1.672694,-2.9566,-1.805,-2.535235,0,0,None,00:00.0000,0,0,0,0
00:04.7370,4.736918,-1.690778,-3.083183,-1.805,-2.682627,0,0,None,00:00.0000,0,0,0,0
00:04.7470,4.747251,-1.726944,-3.282098,-1.805,-2.819613,0,0,None,00:00.0000,0,0,0,0
00:04.7610,4.760985,-1.745027,-3.390597,-1.805,-3.005648,0,0,None,00:00.0000,0,0,0,0
00:04.7710,4.770839,-1.781193,-3.571429,-1.805,-3.267235,0,0,None,00:00.0000,0,0,0,0
00:04.7850,4.785379,-1.781193,-3.625678,-1.805,-3.419332,0,0,None,00:00.0000,0,0,0,0
00:04.7940,4.794381,-1.799277,-3.75226,-1.805,-3.522505,0,0,None,00:00.0000,0,0,0,0
00:04.8090,4.809404,-1.799277,-3.80651,-1.805,-3.610258,0,0,None,00:00.0000,0,0,0,0
00:04.8230,4.823073,-1.799277,-3.824593,-1.805,-3.743885,0,0,None,00:00.0000,0,0,0,0
00:04.8340,4.834484,-1.799277,-3.842676,-1.805,-3.784239,0,0,None,00:00.0000,0,0,0,0
00:04.8470,4.847356,-1.81736,-3.878843,-1.805,-3.804416,0,0,None,00:00.0000,0,0,0,0
00:04.8620,4.861967,-1.835443,-3.896926,-1.81118,-3.832588,0,0,None,00:00.0000,0,0,0,0
00:04.8660,4.865884,-1.835443,-3.896926,-1.81427,-3.855715,-1.56,-3.855715,gateExit,00:00.6030,0.6032124,0,0,4
00:04.8760,4.875621,-1.853526,-3.933092,-1.824857,-3.87632,0,0,None,00:00.0000,0,0,0,0
00:04.8890,4.88943,-1.853526,-3.951175,-1.839191,-3.895665,0,0,None,00:00.0000,0,0,0,0
00:04.9040,4.903522,-1.871609,-3.987342,-1.858984,-3.941819,0,0,None,00:00.0000,0,0,0,0
00:04.9160,4.916142,-1.871609,-4.005425,-1.865297,-3.955539,0,0,None,00:00.0000,0,0,0,0
00:04.9330,4.932503,-1.889692,-4.023508,-1.870031,-3.988433,0,0,None,00:00.0000,0,0,0,0
00:04.9470,4.946704,-1.889692,-4.023508,-1.879862,-3.996929,0,0,None,00:00.0000,0,0,0,0
00:04.9590,4.959322,-1.889692,-4.023508,-1.884777,-4.001177,0,0,None,00:00.0000,0,0,0,0
00:04.9730,4.973199,-1.889692,-4.023508,-1.888463,-4.004363,0,0,None,00:00.0000,0,0,0,0
00:04.9860,4.986024,-1.871609,-4.041591,-1.889078,-4.013936,0,0,None,00:00.0000,0,0,0,0
00:04.9990,4.998828,-1.853526,-4.077758,-1.880344,-4.027763,0,0,None,00:00.0000,0,0,0,0
00:05.0100,5.009567,-1.835443,-4.113924,-1.875977,-4.043719,0,0,None,00:00.0000,0,0,0,0
00:05.0240,5.024333,-1.781193,-4.168174,-1.850097,-4.087331,0,0,None,00:00.0000,0,0,0,0
00:05.0360,5.036391,-1.781193,-4.186257,-1.84277,-4.100628,0,0,None,00:00.0000,0,0,0,0
00:05.0550,5.054679,-1.76311,-4.240506,-1.796587,-4.160329,0,0,None,00:00.0000,0,0,0,0
00:05.0640,5.064344,-1.745027,-4.276672,-1.78661,-4.202072,-1.556731,-4.101647,gateEnter,00:00.0000,0,0,0,4
00:05.0680,5.068405,-1.745027,-4.294756,-1.78661,-4.202072,0,0,None,00:00.0000,0,0,0,0
00:05.0840,5.083708,-1.745027,-4.330922,-1.757404,-4.267919,0,0,triggerEnter,00:00.0000,0,-1.507404,-4.267919,4
00:05.0840,5.083708,-1.745027,-4.330922,-1.757404,-4.267919,-1.557772,-4.106292,gateExit,00:00.0190,0.01936388,0,0,4
00:05.0840,5.083708,-1.745027,-4.330922,-1.757404,-4.267919,0,0,None,00:00.0000,0,0,0,0
00:05.0940,5.093791,-1.745027,-4.349006,-1.751216,-4.290379,0,0,None,00:00.0000,0,0,0,0
00:05.1090,5.108888,-1.745027,-4.367089,-1.748122,-4.31065,0,0,None,00:00.0000,0,0,0,0
00:05.1200,5.120113,-1.726944,-4.421338,-1.745801,-4.348458,0,0,None,00:00.0000,0,0,0,0
00:05.1520,5.151683,-1.708861,-4.457504,-1.731658,-4.407639,0,0,None,00:00.0000,0,0,0,0
00:05.1650,5.16544,-1.672694,-4.493671,-1.720259,-4.432571,0,0,None,00:00.0000,0,0,0,0
00:05.1780,5.178422,-1.636528,-4.493671,-1.705519,-4.45408,0,0,None,00:00.0000,0,0,0,0
00:05.1930,5.193104,-1.600362,-4.493671,-1.662817,-4.483773,0,0,None,00:00.0000,0,0,0,0
00:05.2070,5.207074,-1.564195,-4.475588,-1.640631,-4.488722,0,0,None,00:00.0000,0,0,0,0
00:05.2170,5.216612,-1.509946,-4.475588,-1.620496,-4.491197,0,0,None,00:00.0000,0,0,0,0
00:05.2260,5.226317,-1.41953,-4.457504,-1.592346,-4.483392,0,0,None,00:00.0000,0,0,0,0
00:05.2380,5.238333,-1.383363,-4.457504,-1.503421,-4.477539,0,0,None,00:00.0000,0,0,0,0
00:05.2520,5.251701,-1.292948,-4.457504,-1.443392,-4.467522,0,0,None,00:00.0000,0,0,0,0
00:05.2660,5.265798,-1.256781,-4.439421,-1.36817,-4.462513,0,0,None,00:00.0000,0,0,0,0
00:05.2750,5.2751,-1.130199,-4.439421,-1.312476,-4.450967,0,0,None,00:00.0000,0,0,0,0
00:05.2900,5.289823,-1.039783,-4.403255,-1.248462,-4.445194,0,0,None,00:00.0000,0,0,0,0
00:05.2990,5.298793,-0.8951176,-4.294756,-1.18933,-4.442307,0,0,None,00:00.0000,0,0,0,0
00:05.3130,5.312852,-0.8047016,-4.150091,-0.986754,-4.345206,0,0,None,00:00.0000,0,0,0,0
00:05.3220,5.321895,-0.7504521,-4.041591,-0.9138111,-4.274773,0,0,None,00:00.0000,0,0,0,0
00:05.3420,5.342371,-0.6238698,-3.625678,-0.8048542,-4.127011,0,0,None,00:00.0000,0,0,0,0
00:05.3550,5.354944,-0.5334537,-3.01085,-0.714362,-3.876345,0,0,None,00:00.0000,0,0,0,0
00:05.3660,5.365671,-0.4792043,-2.739602,-0.6510326,-3.606346,0,0,None,00:00.0000,0,0,0,0
00:05.3770,5.377162,-0.4068715,-2.269439,-0.5922431,-3.308598,0,0,None,00:00.0000,0,0,0,0
00:05.3910,5.390952,-0.3887887,-2.106691,-0.4803394,-2.691978,0,0,None,00:00.0000,0,0,0,0
00:05.4020,5.402401,-0.3887887,-1.708861,-0.4345641,-2.399334,0,0,None,00:00.0000,0,0,0,0
00:05.4130,5.412859,-0.4068715,-1.528029,-0.4116763,-2.153555,0,0,None,00:00.0000,0,0,0,0
00:05.4270,5.426933,-0.4611209,-1.094033,-0.4002325,-1.931208,0,0,None,00:00.0000,0,0,0,0
00:05.4320,5.43223,-0.4972876,-0.8589512,-0.4125937,-1.621119,-0.1551163,-1.931208,gateEnter,00:00.0000,0,0,0,5
00:05.4380,5.438285,-0.5696204,-0.5696201,-0.4125937,-1.621119,0,0,None,00:00.0000,0,0,0,0
00:05.4450,5.444904,-0.5696204,-0.5696201,-0.4549406,-1.240035,-0.16,-1.240035,gateExit,00:00.0130,0.01267385,0,0,5
00:05.4540,5.453598,-0.660036,-0.244123,-0.4761141,-1.049493,0,0,None,00:00.0000,0,0,0,0
00:05.4690,5.468944,-0.8408682,0.3345388,-0.5680751,-0.6468081,0,0,None,00:00.0000,0,0,0,0
00:05.4830,5.483152,-0.9312838,0.6781191,-0.7545867,0.02591088,0,0,None,00:00.0000,0,0,0,0
00:05.4980,5.497912,-0.9493671,0.9493673,-0.8248522,0.2706409,0,0,None,00:00.0000,0,0,0,0
00:05.5130,5.512607,-0.9312838,1.148282,-0.9137175,0.7118737,0,0,None,00:00.0000,0,0,0,0
00:05.5310,5.530917,-0.8951176,1.347197,-0.9314131,1.012055,0,0,None,00:00.0000,0,0,0,0
00:05.5450,5.545499,-0.8770343,1.455696,-0.9132653,1.179626,0,0,None,00:00.0000,0,0,0,0
00:05.5600,5.559796,-0.8770343,1.889693,-0.8951498,1.317661,0,0,None,00:00.0000,0,0,0,0
00:05.5740,5.573756,-0.8951176,2.070525,-0.8815632,1.638186,0,0,None,00:00.0000,0,0,0,0
00:05.5880,5.587524,-0.9674504,2.468355,-0.8792987,1.763939,0,0,None,00:00.0000,0,0,0,0
00:05.6050,5.604795,-1.003617,2.775769,-0.9363708,2.242522,0,0,None,00:00.0000,0,0,0,0
00:05.6140,5.613698,-1.003617,2.902351,-0.960952,2.445854,0,0,None,00:00.0000,0,0,0,0
00:05.6300,5.629669,-1.003617,3.119349,-0.9822843,2.674103,0,0,None,00:00.0000,0,0,0,0
00:05.6390,5.639191,-1.003617,3.209765,-0.9929504,2.842476,0,0,None,00:00.0000,0,0,0,0
00:05.6450,5.645458,-1.003617,3.300181,-0.9929504,2.980913,-1.241475,2.842476,gateEnter,00:00.0000,0,0,0,4
00:05.6540,5.653996,-0.9855332,3.40868,-0.9929504,3.095339,0,0,None,00:00.0000,0,0,0,0
00:05.6650,5.665157,-0.9674504,3.517179,-0.9892418,3.252009,0,0,None,00:00.0000,0,0,0,0
00:05.6750,5.675079,-0.9312838,3.734177,-0.9783461,3.384594,-1.24,3.384594,gateExit,00:00.0300,0.0296216,0,0,4
00:05.6800,5.679738,-0.9312838,3.734177,-0.9783461,3.384594,0,0,None,00:00.0000,0,0,0,0
00:05.6950,5.694883,-0.8951176,3.951175,-0.9475702,3.619657,0,0,None,00:00.0000,0,0,0,0
00:05.7090,5.708946,-0.8408682,4.095841,-0.9213439,3.785416,0,0,None,00:00.0000,0,0,0,0
00:05.7240,5.723526,-0.7866182,4.15009,-0.8700286,4.004672,0,0,None,00:00.0000,0,0,0,0
00:05.7290,5.72892,-0.7685354,4.15009,-0.8373651,4.06834,0,0,None,00:00.0000,0,0,0,0
00:05.7490,5.749291,-0.7323688,4.15009,-0.8119917,4.109215,0,0,None,00:00.0000,0,0,0,0
00:05.7590,5.759296,-0.6781193,4.186256,-0.7902635,4.129653,0,0,None,00:00.0000,0,0,0,0
00:05.7690,5.769437,-0.6238698,4.222424,-0.7432331,4.148913,0,0,None,00:00.0000,0,0,0,0
00:05.7790,5.778605,-0.5877032,4.25859,-0.7106762,4.167585,0,0,None,00:00.0000,0,0,0,0
00:05.7940,5.793993,-0.5334537,4.330922,-0.6274881,4.226797,0,0,None,00:00.0000,0,0,0,0
00:05.8030,5.802922,-0.4430381,4.475588,-0.5804709,4.27886,0,0,None,00:00.0000,0,0,0,0
00:05.8130,5.812954,-0.4249548,4.529838,-0.5388793,4.332016,0,0,None,00:00.0000,0,0,0,0
00:05.8270,5.82746,-0.352622,4.620254,-0.481917,4.430926,0,0,None,00:00.0000,0,0,0,0
00:05.8430,5.843122,-0.2983726,4.65642,-0.3939874,4.56388,0,0,None,00:00.0000,0,0,0,0
00:05.8570,5.8569,-0.2622059,4.65642,-0.3642631,4.61015,0,0,None,00:00.0000,0,0,0,0
00:05.8620,5.861908,-0.2441231,4.65642,-0.3313178,4.633285,0,0,triggerEnter,00:00.0000,0,-0.08131781,4.633285,5
00:05.8670,5.866786,-0.2079564,4.65642,-0.3313178,4.633285,0,0,None,00:00.0000,0,0,0,0
00:05.8720,5.872399,-0.1717903,4.65642,-0.3183877,4.616655,-0.1523235,4.797863,gateEnter,00:00.0000,0,0,0,5
00:05.8780,5.878233,-0.1356236,4.674502,-0.3183877,4.616655,0,0,None,00:00.0000,0,0,0,0
00:05.8850,5.88491,-0.06329139,4.674502,-0.2807847,4.582321,0,0,None,00:00.0000,0,0,0,0
00:05.9150,5.914649,0.00904193,4.674502,-0.1765461,4.534335,0,0,None,00:00.0000,0,0,0,0
00:05.9290,5.928524,0.08137419,4.674502,-0.1031174,4.544516,0,0,None,00:00.0000,0,0,0,0
00:05.9390,5.939473,0.1898731,4.638336,-0.04703773,4.544516,0,0,None,00:00.0000,0,0,0,0
00:05.9490,5.94932,0.2260398,4.620254,0.04429295,4.544516,0,0,None,00:00.0000,0,0,0,0
00:05.9640,5.964005,0.2802892,4.60217,0.1715614,4.544516,0,0,None,00:00.0000,0,0,0,0
00:05.9740,5.973663,0.298372,4.60217,0.218979,4.548518,0,0,None,00:00.0000,0,0,0,0
00:05.9830,5.983164,0.3164559,4.60217,0.2496341,4.575344,0.1540542,4.790858,gateExit,00:00.1110,0.1107645,0,0,5
00:05.9880,5.987811,0.3164559,4.60217,0.2496341,4.575344,0,0,None,00:00.0000,0,0,0,0
00:05.9950,5.994592,0.3164559,4.60217,0.2784815,4.57866,0.1511672,4.797368,gateEnter,00:00.0000,0,0,0,5
00:06.0040,6.004128,0.3164559,4.60217,0.2910242,4.58594,0,0,None,00:00.0000,0,0,0,0
00:06.0140,6.013824,0.3345387,4.60217,0.30374,4.594055,0,0,None,00:00.0000,0,0,0,0
00:06.0290,6.029452,0.3707053,4.584086,0.3191394,4.598113,0,0,None,00:00.0000,0,0,0,0
00:06.0340,6.034274,0.3887881,4.566004,0.3358809,4.5911,0.1566475,4.792529,gateExit,00:00.0400,0.03968239,0,0,5
00:06.0420,6.041856,0.3887881,4.54792,0.3532931,4.587593,0,0,None,00:00.0000,0,0,0,0
00:06.0520,6.052301,0.4430376,4.511754,0.3710406,4.576798,0,0,None,00:00.0000,0,0,0,0
00:06.0700,6.069659,0.4611215,4.511754,0.3979977,4.553318,0,0,None,00:00.0000,0,0,0,0
00:06.0850,6.085343,0.4792043,4.457505,0.4408196,4.522145,0,0,None,00:00.0000,0,0,0,0
00:06.0990,6.098836,0.5334537,4.349005,0.4600119,4.498867,0,0,None,00:00.0000,0,0,0,0
00:06.1130,6.113445,0.5515376,4.294756,0.5105726,4.400033,0,0,None,00:00.0000,0,0,0,0
00:06.1270,6.126791,0.605787,4.113924,0.5310551,4.347394,0,0,None,00:00.0000,0,0,0,0
00:06.1390,6.138811,0.6238698,3.933092,0.5593791,4.284909,0,0,None,00:00.0000,0,0,0,0
00:06.1530,6.153318,0.6238698,3.878843,0.6077472,4.043651,0,0,None,00:00.0000,0,0,0,0
00:06.1630,6.16268,0.6238698,3.643761,0.6158085,3.961246,0,0,None,00:00.0000,0,0,0,0
00:06.1780,6.17812,0.6238698,3.499096,0.6198392,3.865795,0,0,None,00:00.0000,0,0,0,0
00:06.1920,6.192225,0.5515376,3.119349,0.6047789,3.52748,0,0,None,00:00.0000,0,0,0,0
00:06.2060,6.205951,0.4611215,2.721519,0.5781583,3.323414,0,0,None,00:00.0000,0,0,0,0
00:06.2200,6.220438,0.3887881,2.305606,0.503943,2.926242,0,0,None,00:00.0000,0,0,0,0
00:06.2350,6.23511,0.3526225,1.81736,0.4463656,2.615924,0,0,None,00:00.0000,0,0,0,0
00:06.2510,6.251163,0.3526225,1.311031,0.4085355,2.343225,0,0,None,00:00.0000,0,0,0,0
00:06.2560,6.255755,0.3526225,1.311031,0.4085355,1.962752,0.1592678,2.343225,gateEnter,00:00.0000,0,0,0,5
00:06.2600,6.260285,0.3526225,1.057866,0.4085355,1.772515,0,0,None,00:00.0000,0,0,0,0
00:06.2720,6.271845,0.3707053,0.8047014,0.4085355,1.415191,0,0,None,00:00.0000,0,0,0,0
00:06.2830,6.282834,0.4249548,0.3526223,0.4085355,1.109946,0,0,None,00:00.0000,0,0,0,0
00:06.2970,6.296878,0.4611215,0.117541,0.4085355,0.8397831,0,0,None,00:00.0000,0,0,0,0
00:06.3060,6.306491,0.5153709,-0.3345388,0.4167451,0.5962027,0,0,None,00:00.0000,0,0,0,0
00:06.3160,6.315652,0.5153709,-0.5153707,0.4570161,0.239331,0.16,0.239331,gateExit,00:00.0600,0.05989695,0,0,5
00:06.3200,6.320445,0.5153709,-0.5153707,0.4570161,0.239331,0,0,None,00:00.0000,0,0,0,0
00:06.3330,6.332685,0.5153709,-0.8951175,0.5007822,-0.2814873,0,0,None,00:00.0000,0,0,0,0
00:06.3440,6.344257,0.4792043,-1.220615,0.5080765,-0.5883024,0,0,None,00:00.0000,0,0,0,0
00:06.3610,6.361326,0.4611215,-1.401447,0.490943,-1.02185,0,0,None,00:00.0000,0,0,0,0
00:06.3710,6.371166,0.406872,-1.781194,0.4760323,-1.211648,0,0,None,00:00.0000,0,0,0,0
00:06.3850,6.385138,0.3887881,-1.943942,0.4414521,-1.496421,0,0,None,00:00.0000,0,0,0,0
00:06.3980,6.398018,0.3707053,-2.323689,0.4151201,-1.720181,0,0,None,00:00.0000,0,0,0,0
00:06.4040,6.403549,0.3707053,-2.486438,0.4048438,-1.922478,0.1525,-1.903464,gateEnter,00:00.0000,0,0,0,5
00:06.4130,6.41313,0.3707053,-2.667269,0.404875,-2.123083,0,0,None,00:00.0000,0,0,0,0
00:06.4280,6.428027,0.4249548,-2.9566,0.4049,-2.395176,0,0,None,00:00.0000,0,0,0,0
00:06.4380,6.438059,0.4430376,-3.065099,0.40492,-2.603556,0,0,None,00:00.0000,0,0,0,0
00:06.4550,6.454957,0.5334537,-3.300181,0.4470708,-2.976838,0.16,-2.976839,gateExit,00:00.0510,0.05140877,0,0,5
00:06.4550,6.454957,0.5334537,-3.300181,0.4470708,-2.976838,0,0,None,00:00.0000,0,0,0,0
00:06.4700,6.469587,0.5696204,-3.40868,0.4721789,-3.102343,0,0,None,00:00.0000,0,0,0,0
00:06.4840,6.484305,0.6238698,-3.535262,0.5362183,-3.304971,0,0,None,00:00.0000,0,0,0,0
00:06.4950,6.49467,0.6781193,-3.698011,0.5619608,-3.392992,0,0,None,00:00.0000,0,0,0,0
00:06.5130,6.512807,0.714286,-3.75226,0.640038,-3.599152,0,0,None,00:00.0000,0,0,0,0
00:06.5280,6.527771,0.804702,-3.915009,0.677162,-3.675706,0,0,None,00:00.0000,0,0,0,0
00:06.5370,6.537063,0.8951171,-4.059674,0.7138067,-3.759191,0,0,None,00:00.0000,0,0,0,0
00:06.5530,6.553473,0.9493666,-4.132008,0.8271858,-3.948387,0,0,None,00:00.0000,0,0,0,0
00:06.5670,6.566798,1.0217,-4.240506,0.8882762,-4.040197,0,0,None,00:00.0000,0,0,0,0
00:06.5770,6.576576,1.075949,-4.312839,0.9369047,-4.113227,0,0,None,00:00.0000,0,0,0,0
00:06.5910,6.59089,1.112116,-4.312839,0.9973856,-4.19495,0,0,None,00:00.0000,0,0,0,0
00:06.6040,6.604496,1.148282,-4.330922,1.074392,-4.283367,0,0,triggerEnter,00:00.0000,0,1.324392,-4.283367,6
00:06.6040,6.604496,1.148282,-4.330922,1.074392,-4.283367,0,0,None,00:00.0000,0,0,0,0
00:06.6150,6.61519,1.166366,-4.349006,1.105387,-4.313357,1.245195,-4.105017,gateEnter,00:00.0000,0,0,0,6
00:06.6150,6.61519,1.166366,-4.349006,1.105387,-4.313357,0,0,None,00:00.0000,0,0,0,0
00:06.6250,6.625372,1.184448,-4.349006,1.124162,-4.326083,0,0,None,00:00.0000,0,0,0,0
00:06.6390,6.639266,1.184448,-4.349006,1.134398,-4.33178,0,0,None,00:00.0000,0,0,0,0
00:06.6490,6.648796,1.184448,-4.367089,1.158374,-4.344699,1.246493,-4.109365,gateExit,00:00.0340,0.03360653,0,0,6
00:06.6490,6.648796,1.184448,-4.367089,1.158374,-4.344699,0,0,None,00:00.0000,0,0,0,0
00:06.6670,6.667189,1.202532,-4.367089,1.162369,-4.346852,0,0,None,00:00.0000,0,0,0,0
00:06.6900,6.689855,1.238698,-4.367089,1.173409,-4.356971,0,0,None,00:00.0000,0,0,0,0
00:06.7040,6.703839,1.311031,-4.349006,1.213334,-4.364559,0,0,None,00:00.0000,0,0,0,0
00:06.7180,6.717843,1.347197,-4.349006,1.244099,-4.365824,0,0,None,00:00.0000,0,0,0,0
00:06.7270,6.727131,1.383363,-4.330922,1.277565,-4.357415,0,0,None,00:00.0000,0,0,0,0
00:06.7320,6.732289,1.401446,-4.330922,1.321423,-4.357415,1.277565,-4.108707,gateEnter,00:00.0000,0,0,0,6
00:06.7390,6.739087,1.401446,-4.330922,1.321423,-4.357415,0,0,None,00:00.0000,0,0,0,0
00:06.7540,6.754307,1.41953,-4.330922,1.367878,-4.357415,0,0,None,00:00.0000,0,0,0,0
00:06.7660,6.765573,1.473779,-4.330922,1.393704,-4.357415,0,0,None,00:00.0000,0,0,0,0
00:06.7760,6.775965,1.491862,-4.349006,1.406617,-4.357415,0,0,None,00:00.0000,0,0,0,0
00:06.7890,6.789143,1.528029,-4.349006,1.440198,-4.357415,0,0,None,00:00.0000,0,0,0,0
00:06.8010,6.801055,1.546112,-4.349006,1.478946,-4.357415,0,0,None,00:00.0000,0,0,0,0
00:06.8200,6.819522,1.582278,-4.349006,1.503488,-4.357415,0,0,None,00:00.0000,0,0,0,0
00:06.8290,6.828917,1.582278,-4.330922,1.533842,-4.357415,0,0,None,00:00.0000,0,0,0,0
00:06.8450,6.844999,1.618445,-4.258589,1.570572,-4.357023,0,0,None,00:00.0000,0,0,0,0
00:06.8590,6.859372,1.672694,-4.077758,1.587848,-4.35564,0,0,None,00:00.0000,0,0,0,0
00:06.8680,6.868164,1.690777,-3.987342,1.673851,-4.325031,0,0,None,00:00.0000,0,0,0,0
00:06.8880,6.887731,1.763111,-3.716094,1.751669,-4.282202,0,0,None,00:00.0000,0,0,0,0
00:06.9020,6.901597,1.871609,-3.40868,1.796653,-3.93083,1.56,-3.93083,gateExit,00:00.1690,0.1693077,0,0,6
00:06.9020,6.901597,1.871609,-3.40868,1.796653,-3.93083,0,0,None,00:00.0000,0,0,0,0
00:06.9120,6.912226,1.980108,-3.173599,1.834131,-3.669755,1.553326,-3.93083,gateEnter,00:00.0000,0,0,0,6
00:06.9170,6.916689,1.980108,-3.173599,1.834131,-3.669755,0,0,None,00:00.0000,0,0,0,0
00:06.9220,6.921956,1.980108,-3.173599,1.879995,-3.484968,1.56,-3.484968,gateExit,00:00.0100,0.009729862,0,0,6
00:06.9270,6.926762,2.034358,-3.047016,1.879995,-3.484968,0,0,None,00:00.0000,0,0,0,0
00:06.9380,6.93752,2.106691,-2.757685,1.930052,-3.329283,0,0,None,00:00.0000,0,0,0,0
00:06.9490,6.949068,2.124774,-2.61302,1.982205,-3.18815,0,0,None,00:00.0000,0,0,0,0
00:06.9630,6.963131,2.124774,-2.179024,2.084611,-2.792969,0,0,None,00:00.0000,0,0,0,0
00:06.9810,6.980559,2.088607,-1.528029,2.114733,-2.39128,0,0,None,00:00.0000,0,0,0,0
00:06.9960,6.995837,1.980108,-0.8408681,2.10167,-1.959655,0,0,None,00:00.0000,0,0,0,0
00:07.0100,7.010402,1.853527,-0.1175407,2.068014,-1.572052,0,0,None,00:00.0000,0,0,0,0
00:07.0240,7.024499,1.799276,0.1717901,1.920711,-0.5670635,0,0,None,00:00.0000,0,0,0,0
00:07.0360,7.035998,1.726944,0.6057864,1.887119,-0.3423021,0,0,None,00:00.0000,0,0,0,0
00:07.0500,7.050236,1.690777,0.913201,1.825115,0.03228465,0,0,None,00:00.0000,0,0,0,0
00:07.0550,7.055133,1.690777,0.913201,1.804375,0.3190355,1.5525,0.2082116,gateEnter,00:00.0000,0,0,0,6
00:07.0600,7.05975,1.690777,1.039783,1.804375,0.3190355,0,0,None,00:00.0000,0,0,0,0
00:07.0710,7.070507,1.690777,1.292948,1.8046,0.7646596,0,0,None,00:00.0000,0,0,0,0
00:07.0890,7.089041,1.690777,1.41953,1.80468,0.9655124,0,0,None,00:00.0000,0,0,0,0
00:07.1030,7.103171,1.672694,1.708861,1.804795,1.27438,0,0,None,00:00.0000,0,0,0,0
00:07.1170,7.117413,1.654612,2.034358,1.804836,1.410246,0,0,None,00:00.0000,0,0,0,0
00:07.1350,7.134898,1.654612,2.377939,1.804895,1.833122,0,0,None,00:00.0000,0,0,0,0
00:07.1440,7.144456,1.654612,2.540687,1.804916,2.10553,0,0,None,00:00.0000,0,0,0,0
00:07.1560,7.155973,1.708861,2.811935,1.804933,2.241735,0,0,None,00:00.0000,0,0,0,0
00:07.1710,7.170731,1.781193,3.101266,1.804957,2.637739,0,0,None,00:00.0000,0,0,0,0
00:07.1850,7.185177,1.835443,3.245931,1.804966,2.869503,0,0,None,00:00.0000,0,0,0,0
00:07.1960,7.19553,1.962026,3.607595,1.820204,3.057717,0,0,None,00:00.0000,0,0,0,0
00:07.2050,7.204698,2.052441,3.80651,1.854948,3.233198,1.56,3.233199,gateExit,00:00.1500,0.1495647,0,0,6
00:07.2090,7.209423,2.052441,3.80651,1.854948,3.233198,0,0,None,00:00.0000,0,0,0,0
00:07.2240,7.224143,2.305606,4.222424,2.043755,3.721953,0,0,None,00:00.0000,0,0,0,0
00:07.2370,7.237286,2.486437,4.457505,2.174681,3.972188,0,0,None,00:00.0000,0,0,0,0
00:07.2500,7.250453,2.594936,4.584086,2.385894,4.309051,0,0,None,00:00.0000,0,0,0,0
00:07.2610,7.261446,2.61302,4.60217,2.472332,4.428485,0,0,triggerEnter,00:00.0000,0,2.722332,4.428485,7
00:07.2610,7.261446,2.61302,4.60217,2.472332,4.428485,0,0,None,00:00.0000,0,0,0,0
00:07.2720,7.27234,2.631103,4.60217,2.542676,4.515327,0,0,None,00:00.0000,0,0,0,0
00:07.2900,7.289726,2.631103,4.60217,2.577848,4.558749,0,0,None,00:00.0000,0,0,0,0
00:07.2940,7.294026,2.631103,4.60217,2.587847,4.555092,2.648308,4.794343,gateEnter,00:00.0000,0,0,0,7
00:07.3030,7.302901,2.631103,4.60217,2.593945,4.553064,0,0,None,00:00.0000,0,0,0,0
00:07.3170,7.316678,2.631103,4.60217,2.597636,4.551861,0,0,None,00:00.0000,0,0,0,0
00:07.3300,7.330448,2.649186,4.620254,2.609886,4.548861,0,0,None,00:00.0000,0,0,0,0
00:07.3430,7.343449,2.66727,4.620254,2.623466,4.546554,0,0,None,00:00.0000,0,0,0,0
00:07.3580,7.357824,2.721519,4.60217,2.641311,4.544652,0,0,None,00:00.0000,0,0,0,0
00:07.3730,7.372673,2.775769,4.60217,2.69177,4.543947,0,0,None,00:00.0000,0,0,0,0
00:07.3880,7.387934,2.830018,4.60217,2.733769,4.543947,0,0,None,00:00.0000,0,0,0,0
00:07.4020,7.402323,2.866185,4.584086,2.796914,4.543947,0,0,None,00:00.0000,0,0,0,0
00:07.4130,7.412559,2.920434,4.529838,2.822507,4.543947,0,0,None,00:00.0000,0,0,0,0
00:07.4430,7.442886,2.956601,4.493671,2.886911,4.536892,0,0,None,00:00.0000,0,0,0,0
00:07.4530,7.452877,2.974684,4.475588,2.912714,4.524323,2.912714,4.789999,gateExit,00:00.1590,0.1588507,0,0,7
00:07.4580,7.457685,2.974684,4.475588,2.912714,4.524323,0,0,None,00:00.0000,0,0,0,0
00:07.4720,7.47196,3.01085,4.475588,2.963712,4.492292,0,0,None,00:00.0000,0,0,0,0
00:07.4850,7.484804,3.028933,4.475588,2.987281,4.48394,0,0,None,00:00.0000,0,0,0,0
00:07.4990,7.498755,3.028933,4.475588,2.999066,4.479764,0,0,None,00:00.0000,0,0,0,0
00:07.5120,7.512033,3.028933,4.475588,3.007904,4.476632,0,0,None,00:00.0000,0,0,0,0
00:07.5210,7.52146,3.028933,4.475588,3.009377,4.47611,0,0,None,00:00.0000,0,0,0,0
00:07.5360,7.535964,3.028933,4.475588,3.010114,4.475849,0,0,None,00:00.0000,0,0,0,0
00:07.5520,7.551838,3.028933,4.475588,3.010666,4.475653,0,0,None,00:00.0000,0,0,0,0
00:07.5650,7.565265,3.083183,4.421339,3.019799,4.47562,0,0,None,00:00.0000,0,0,0,0
00:07.5790,7.578801,3.173599,4.240506,3.033408,4.466562,0,0,None,00:00.0000,0,0,0,0
00:07.5930,7.59335,3.209765,4.15009,3.129509,4.324145,0,0,None,00:00.0000,0,0,0,0
00:07.6060,7.606215,3.227848,3.896926,3.169637,4.237118,0,0,None,00:00.0000,0,0,0,0
00:07.6110,7.611304,3.227848,3.896926,3.211057,4.17077,2.958026,4.105011,gateEnter,00:00.0000,0,0,0,7
00:07.6160,7.616078,3.245931,3.716094,3.211057,4.17077,0,0,None,00:00.0000,0,0,0,0
00:07.6220,7.621828,3.245931,3.716094,3.219453,4.033848,2.96,4.033848,gateExit,00:00.0110,0.0105238,0,0,7
00:07.6260,7.626421,3.264015,3.517179,3.219453,4.033848,0,0,None,00:00.0000,0,0,0,0
00:07.6430,7.643413,3.318264,3.047016,3.248353,3.696075,0,0,None,00:00.0000,0,0,0,0
00:07.6540,7.654115,3.336347,2.775769,3.265225,3.489086,0,0,None,00:00.0000,0,0,0,0
00:07.6680,7.668357,3.390596,2.070525,3.300786,3.132427,0,0,None,00:00.0000,0,0,0,0
00:07.6780,7.678154,3.40868,1.329114,3.354582,2.607248,0,0,None,00:00.0000,0,0,0,0
00:07.6970,7.69675,3.40868,0.9674501,3.381631,2.158054,0,0,None,00:00.0000,0,0,0,0
00:07.7110,7.710671,3.40868,0.3345388,3.395156,1.743584,0,0,None,00:00.0000,0,0,0,0
00:07.7240,7.724443,3.40868,-0.153707,3.405299,0.7591329,0,0,None,00:00.0000,0,0,0,0
00:07.7430,7.742659,3.40868,-0.9132007,3.407835,0.01573262,0,0,None,00:00.0000,0,0,0,0
00:07.7590,7.758876,3.40868,-1.130199,3.408258,-0.3221518,0,0,None,00:00.0000,0,0,0,0
00:07.7690,7.769095,3.426763,-1.383364,3.408469,-0.6176763,0,0,None,00:00.0000,0,0,0,0
00:07.7830,7.782821,3.46293,-1.81736,3.417669,-1.128651,0,0,None,00:00.0000,0,0,0,0
00:07.7970,7.797141,3.481013,-2.251356,3.440299,-1.473005,0,0,None,00:00.0000,0,0,0,0
00:07.8120,7.81174,3.517179,-2.667269,3.466313,-2.002519,0,0,None,00:00.0000,0,0,0,0
00:07.8220,7.822407,3.535262,-2.866184,3.482704,-2.235437,0,0,None,00:00.0000,0,0,0,0
00:07.8330,7.832764,3.553345,-3.245931,3.508983,-2.550811,0,0,None,00:00.0000,0,0,0,0
00:07.8490,7.848957,3.553345,-3.40868,3.531164,-2.807955,0,0,None,00:00.0000,0,0,0,0
00:07.8630,7.862894,3.553345,-3.716094,3.5478,-3.217812,0,0,None,00:00.0000,0,0,0,0
00:07.8770,7.876655,3.553345,-3.987342,3.550572,-3.466953,0,0,None,00:00.0000,0,0,0,0
00:07.8860,7.88631,3.553345,-4.132008,3.551959,-3.663856,0,0,None,00:00.0000,0,0,0,0
00:07.9020,7.902223,3.553345,-4.403255,3.552999,-3.978803,0,0,None,00:00.0000,0,0,0,0
00:07.9160,7.916332,3.607595,-4.566004,3.553172,-4.191029,0,0,None,00:00.0000,0,0,0,0
00:07.9300,7.929676,3.625678,-4.638336,3.5623,-4.360434,0,0,None,00:00.0000,0,0,0,0
00:07.9440,7.943748,3.661845,-4.692586,3.614354,-4.568861,0,0,None,00:00.0000,0,0,0,0
00:07.9590,7.95908,3.661845,-4.692586,3.629058,-4.621681,0,0,None,00:00.0000,0,0,0,0
00:07.9730,7.972961,3.661845,-4.692586,3.640085,-4.661297,0,0,None,00:00.0000,0,0,0,0
00:07.9860,7.985707,3.661845,-4.692586,3.641923,-4.6679,0,0,None,00:00.0000,0,0,0,0
00:07.9990,7.999118,3.661845,-4.692586,3.642842,-4.671201,0,0,None,00:00.0000,0,0,0,0
00:08.0090,8.009381,3.679928,-4.692586,3.643301,-4.672852,0,0,None,00:00.0000,0,0,0,0
00:08.0200,8.020099,3.69801,-4.710669,3.652573,-4.682719,0,0,None,00:00.0000,0,0,0,0
00:08.0300,8.029668,3.69801,-4.710669,3.673089,-4.703681,0,0,None,00:00.0000,0,0,0,0
00:08.0460,8.04569,3.75226,-4.728752,3.68555,-4.707175,0,0,None,00:00.0000,0,0,0,0
00:08.0600,8.059842,3.86076,-4.692586,3.700822,-4.717964,0,0,None,00:00.0000,0,0,0,0
00:08.0730,8.073462,3.878843,-4.656419,3.807213,-4.707972,0,0,None,00:00.0000,0,0,0,0
00:08.0830,8.082803,3.933092,-4.60217,3.820255,-4.673564,4.040816,-4.796518,gateEnter,00:00.0000,0,0,0,8
00:08.0870,8.086824,4.059675,-4.457504,3.820255,-4.673564,0,0,None,00:00.0000,0,0,0,0
00:08.0920,8.09237,4.059675,-4.457504,3.896948,-4.594481,0,0,triggerEnter,00:00.0000,0,4.146948,-4.594481,8
00:08.1020,8.102181,4.09584,-4.421338,3.941504,-4.561299,0,0,None,00:00.0000,0,0,0,0
00:08.1120,8.111916,4.132007,-4.385172,4.018672,-4.491319,4.04899,-4.790051,gateExit,00:00.0290,0.02911282,0,0,8
00:08.1160,8.116294,4.168174,-4.367089,4.018672,-4.491319,0,0,None,00:00.0000,0,0,0,0
00:08.1320,8.131518,4.20434,-4.349006,4.121757,-4.402667,0,0,None,00:00.0000,0,0,0,0
00:08.1420,8.141814,4.222423,-4.349006,4.154006,-4.375836,0,0,None,00:00.0000,0,0,0,0
00:08.1580,8.158201,4.240506,-4.349006,4.179173,-4.362421,0,0,None,00:00.0000,0,0,0,0
00:08.1730,8.173052,4.25859,-4.367089,4.211611,-4.355713,4.200798,-4.107857,gateEnter,00:00.0000,0,0,0,8
00:08.1730,8.173052,4.25859,-4.367089,4.211611,-4.355713,0,0,None,00:00.0000,0,0,0,0
00:08.2020,8.201694,4.294755,-4.367089,4.242324,-4.361401,0,0,None,00:00.0000,0,0,0,0
00:08.2130,8.212872,4.31284,-4.367089,4.268539,-4.364245,4.268539,-4.110001,gateExit,00:00.0400,0.03981972,0,0,8
00:08.2170,8.216949,4.31284,-4.367089,4.268539,-4.364245,0,0,None,00:00.0000,0,0,0,0
00:08.2280,8.227686,4.367089,-4.349006,4.281648,-4.365667,0,0,None,00:00.0000,0,0,0,0
00:08.2390,8.239072,4.421338,-4.349006,4.315327,-4.366378,0,0,None,00:00.0000,0,0,0,0
00:08.2530,8.253221,4.49367,-4.349006,4.381273,-4.357692,4.341208,-4.108846,gateEnter,00:00.0000,0,0,0,8
00:08.2530,8.253221,4.49367,-4.349006,4.381273,-4.357692,0,0,None,00:00.0000,0,0,0,0
00:08.2640,8.264398,4.529837,-4.349006,4.437471,-4.353349,0,0,None,00:00.0000,0,0,0,0
00:08.2750,8.274651,4.60217,-4.349006,4.483654,-4.351177,4.354697,-4.108828,gateExit,00:00.0210,0.02143002,0,0,8
00:08.2750,8.274651,4.60217,-4.349006,4.483654,-4.351177,0,0,None,00:00.0000,0,0,0,0
00:08.2860,8.285825,4.620254,-4.349006,4.524829,-4.350091,0,0,None,00:00.0000,0,0,0,0
00:08.2990,8.298823,4.656419,-4.294756,4.563499,-4.349548,0,0,None,00:00.0000,0,0,0,0
00:08.3130,8.313296,4.692585,-4.258589,4.628668,-4.317495,0,0,None,00:00.0000,0,0,0,0
00:08.3230,8.323421,4.764919,-4.077758,4.660627,-4.288042,0,0,None,00:00.0000,0,0,0,0
00:08.3420,8.34201,4.764919,-3.878843,4.729804,-4.152933,0,0,None,00:00.0000,0,0,0,0
00:08.3560,8.356284,4.764919,-3.336347,4.747361,-4.015888,0,0,None,00:00.0000,0,0,0,0
00:08.3700,8.369565,4.728752,-2.938517,4.75614,-3.838866,0,0,None,00:00.0000,0,0,0,0
00:08.3840,8.384043,4.60217,-1.998192,4.717516,-3.027981,0,0,None,00:00.0000,0,0,0,0
00:08.3970,8.396689,4.49367,-1.202532,4.659842,-2.513086,0,0,None,00:00.0000,0,0,0,0
00:08.4100,8.409913,4.475588,-0.6781194,4.59484,-2.029599,0,0,None,00:00.0000,0,0,0,0
00:08.4150,8.414589,4.475588,-0.6781194,4.604841,-1.480442,4.35242,-2.029599,gateEnter,00:00.0000,0,0,0,8
00:08.4240,8.4239,4.49367,-0.1898733,4.604873,-1.07928,0,0,None,00:00.0000,0,0,0,0
00:08.4380,8.43849,4.511755,0.06329119,4.604898,-0.7702008,0,0,None,00:00.0000,0,0,0,0
00:08.4500,8.449891,4.529837,0.5696201,4.604919,-0.4800371,0,0,None,00:00.0000,0,0,0,0
00:08.4650,8.464699,4.529837,0.8227849,4.604948,0.2393939,0,0,None,00:00.0000,0,0,0,0
00:08.4750,8.475131,4.457505,1.491863,4.604959,0.5310894,0,0,None,00:00.0000,0,0,0,0
00:08.4920,8.492352,4.294755,2.142857,4.604973,1.170295,0,0,None,00:00.0000,0,0,0,0
00:08.5110,8.510563,4.132007,2.631103,4.604979,1.493827,0,0,None,00:00.0000,0,0,0,0
00:08.5260,8.525535,4.132007,2.775769,4.604986,2.288013,0,0,None,00:00.0000,0,0,0,0
00:08.5340,8.534462,4.132007,2.920434,4.604989,2.486683,0,0,None,00:00.0000,0,0,0,0
00:08.5510,8.551002,4.15009,3.0651,4.604991,2.667392,0,0,None,00:00.0000,0,0,0,0
00:08.5650,8.564575,4.186256,3.155515,4.604995,2.911423,0,0,None,00:00.0000,0,0,0,0
00:08.5780,8.578083,4.20434,3.300181,4.604996,2.988261,0,0,None,00:00.0000,0,0,0,0
00:08.5930,8.592752,4.222423,3.390596,4.604997,3.186035,0,0,None,00:00.0000,0,0,0,0
00:08.6060,8.605796,4.25859,3.625678,4.604998,3.288316,0,0,None,00:00.0000,0,0,0,0
00:08.6190,8.619232,4.330922,3.80651,4.604998,3.402747,0,0,None,00:00.0000,0,0,0,0
00:08.6330,8.633053,4.367089,3.842676,4.604999,3.692007,0,0,None,00:00.0000,0,0,0,0
00:08.6460,8.645911,4.439421,3.896926,4.604999,3.767342,0,0,None,00:00.0000,0,0,0,0
00:08.6580,8.65767,4.566004,3.951175,4.604999,3.814051,0,0,None,00:00.0000,0,0,0,0
00:08.6740,8.673755,4.638336,4.005425,4.604999,3.907853,0,0,None,00:00.0000,0,0,0,0
00:08.6860,8.686473,4.728752,4.077758,4.621668,3.956639,0,0,None,00:00.0000,0,0,0,0
00:08.6910,8.69143,4.783002,4.132008,4.657126,3.999115,4.36,3.999115,gateExit,00:00.2770,0.2768412,0,0,8
00:08.6960,8.696413,4.783002,4.132008,4.657126,3.999115,0,0,None,00:00.0000,0,0,0,0
00:08.7110,8.711458,4.855334,4.168174,4.692939,4.038436,0,0,None,00:00.0000,0,0,0,0
00:08.7240,8.724451,4.94575,4.186256,4.801173,4.131218,0,0,None,00:00.0000,0,0,0,0
00:08.7380,8.73813,5.090415,4.186256,4.855379,4.158737,0,0,None,00:00.0000,0,0,0,0
00:08.7500,8.749687,5.126582,4.186256,4.900565,4.172497,0,0,None,00:00.0000,0,0,0,0
00:08.7650,8.764984,5.216999,4.186256,5.061036,4.182817,0,0,None,00:00.0000,0,0,0,0
00:08.7790,8.778852,5.271248,4.222424,5.120934,4.184536,0,0,None,00:00.0000,0,0,0,0
00:08.7930,8.79332,5.307414,4.25859,5.229148,4.208431,0,0,None,00:00.0000,0,0,0,0
00:08.8020,8.801864,5.34358,4.312839,5.239125,4.247825,5.447291,4.10133,gateEnter,00:00.0000,0,0,0,9
00:08.8060,8.805964,5.39783,4.367089,5.239125,4.247825,0,0,None,00:00.0000,0,0,0,0
00:08.8120,8.811925,5.470163,4.439421,5.271613,4.294169,0,0,triggerEnter,00:00.0000,0,5.521613,4.294169,9
00:08.8170,8.817201,5.470163,4.439421,5.271613,4.294169,0,0,None,00:00.0000,0,0,0,0
00:08.8230,8.822556,5.524413,4.493671,5.334722,4.330629,5.445529,4.108945,gateExit,00:00.0210,0.02069283,0,0,9
00:08.8270,8.827138,5.614829,4.566004,5.334722,4.330629,0,0,None,00:00.0000,0,0,0,0
00:08.8330,8.832672,5.614829,4.566004,5.429567,4.41215,5.446013,4.107977,gateEnter,00:00.0000,0,0,0,9
00:08.8380,8.837512,5.705244,4.620254,5.429567,4.41215,0,0,None,00:00.0000,0,0,0,0
00:08.8430,8.84299,5.777577,4.638336,5.522198,4.489077,5.522198,4.11,gateExit,00:00.0100,0.0103178,0,0,9
00:08.8480,8.848133,5.831826,4.65642,5.522198,4.489077,0,0,None,00:00.0000,0,0,0,0
00:08.8650,8.864508,5.886076,4.674502,5.722774,4.545603,5.613721,4.797332,gateEnter,00:00.0000,0,0,0,9
00:08.8650,8.864508,5.886076,4.674502,5.722774,4.545603,0,0,None,00:00.0000,0,0,0,0
00:08.8740,8.874353,5.922243,4.674502,5.804425,4.545483,0,0,None,00:00.0000,0,0,0,0
00:08.8890,8.888852,5.940325,4.65642,5.86629,4.568921,0,0,None,00:00.0000,0,0,0,0
00:08.9000,8.899587,5.976492,4.620254,5.925068,4.623621,5.757045,4.792902,gateExit,00:00.0350,0.035079,0,0,9
00:08.9000,8.899587,5.976492,4.620254,5.925068,4.623621,0,0,None,00:00.0000,0,0,0,0
00:08.9130,8.912746,6.030741,4.60217,5.95078,4.621937,5.752998,4.796979,gateEnter,00:00.0000,0,0,0,9
00:08.9170,8.917368,6.066908,4.566004,5.95078,4.621937,0,0,None,00:00.0000,0,0,0,0
00:08.9230,8.923231,6.121158,4.54792,5.990761,4.612054,5.757883,4.793846,gateExit,00:00.0100,0.0104847,0,0,9
00:08.9280,8.928465,6.121158,4.54792,5.990761,4.612054,0,0,None,00:00.0000,0,0,0,0
00:08.9340,8.934061,6.175407,4.529838,6.028834,4.589029,0,0,None,00:00.0000,0,0,0,0
00:08.9620,8.962267,6.175407,4.529838,6.125201,4.544635,0,0,None,00:00.0000,0,0,0,0
00:08.9750,8.975383,6.175407,4.529838,6.141262,4.537236,0,0,None,00:00.0000,0,0,0,0
00:08.9880,8.987879,6.175407,4.529838,6.149292,4.533537,0,0,None,00:00.0000,0,0,0,0
00:09.0020,9.001511,6.175407,4.529838,6.153308,4.531687,0,0,None,00:00.0000,0,0,0,0
00:09.0150,9.014674,6.175407,4.457505,6.165361,4.5303,0,0,None,00:00.0000,0,0,0,0
00:09.0290,9.028894,6.19349,4.367089,6.170384,4.493902,0,0,None,00:00.0000,0,0,0,0
00:09.0380,9.037892,6.19349,4.294756,6.181937,4.457621,0,0,None,00:00.0000,0,0,0,0
00:09.0540,9.054058,6.229656,4.132008,6.190601,4.353555,0,0,None,00:00.0000,0,0,0,0
00:09.0680,9.068474,6.229656,3.951175,6.210129,4.242782,0,0,None,00:00.0000,0,0,0,0
00:09.0820,9.081923,6.229656,3.698011,6.224774,4.04216,0,0,None,00:00.0000,0,0,0,0
00:09.0970,9.096944,6.229656,3.553345,6.227215,3.942418,0,0,None,00:00.0000,0,0,0,0
00:09.1100,9.109524,6.229656,3.155515,6.228436,3.820215,0,0,None,00:00.0000,0,0,0,0
00:09.1230,9.123408,6.229656,2.66727,6.229351,3.38046,0,0,None,00:00.0000,0,0,0,0
00:09.1370,9.136871,6.211574,2.414105,6.229504,3.141406,0,0,None,00:00.0000,0,0,0,0
00:09.1500,9.149657,6.13924,1.925859,6.216056,2.59593,0,0,None,00:00.0000,0,0,0,0
00:09.1650,9.165272,6.084991,1.437613,6.177648,2.260895,0,0,None,00:00.0000,0,0,0,0
00:09.1790,9.178797,6.066908,0.9855336,6.140361,1.957753,0,0,None,00:00.0000,0,0,0,0
00:09.1930,9.193385,6.066908,0.7685351,6.085271,1.282838,0,0,None,00:00.0000,0,0,0,0
00:09.2070,9.206901,6.084991,0.3526223,6.076089,1.025687,0,0,None,00:00.0000,0,0,0,0
00:09.2210,9.221056,6.103074,-0.08137435,6.078245,0.5796586,0,0,None,00:00.0000,0,0,0,0
00:09.2350,9.234881,6.103074,-0.5153707,6.090659,0.2491422,0,0,None,00:00.0000,0,0,0,0
00:09.2400,9.239962,6.103074,-0.7142857,6.096867,-0.01557359,0,0,None,00:00.0000,0,0,0,0
00:09.2620,9.261593,6.103074,-1.148282,6.101521,-0.4898789,0,0,None,00:00.0000,0,0,0,0
00:09.2760,9.275876,6.084991,-1.582279,6.102298,-0.9275795,0,0,None,00:00.0000,0,0,0,0
00:09.2890,9.288862,6.048824,-1.925859,6.093644,-1.254929,0,0,None,00:00.0000,0,0,0,0
00:09.3030,9.302653,6.030741,-2.070524,6.073592,-1.622503,0,0,None,00:00.0000,0,0,0,0
00:09.3160,9.316068,6.012659,-2.323689,6.052167,-1.846514,0,0,None,00:00.0000,0,0,0,0
00:09.3300,9.329625,6.012659,-2.414105,6.032413,-2.02181,0,0,None,00:00.0000,0,0,0,0
00:09.3410,9.341016,6.012659,-2.594936,6.022535,-2.17275,0,0,None,00:00.0000,0,0,0,0
00:09.3550,9.354793,6.012659,-2.793851,6.015128,-2.466786,0,0,None,00:00.0000,0,0,0,0
00:09.3680,9.368408,6.012659,-2.902351,6.013893,-2.576069,0,0,None,00:00.0000,0,0,0,0
00:09.3820,9.381559,6.012659,-3.083183,6.012967,-2.793656,0,0,None,00:00.0000,0,0,0,0
00:09.3960,9.395545,6.012659,-3.227848,6.012813,-2.938419,0,0,None,00:00.0000,0,0,0,0
00:09.4090,9.408978,6.048824,-3.336347,6.012735,-3.083134,0,0,None,00:00.0000,0,0,0,0
00:09.4230,9.422626,6.066908,-3.372514,6.035281,-3.259481,0,0,None,00:00.0000,0,0,0,0
00:09.4370,9.436521,6.103074,-3.444846,6.042053,-3.297915,0,0,None,00:00.0000,0,0,0,0
00:09.4500,9.449688,6.13924,-3.535262,6.083298,-3.399072,0,0,None,00:00.0000,0,0,0,0
00:09.4620,9.461686,6.157323,-3.553345,6.102228,-3.440042,0,0,None,00:00.0000,0,0,0,0
00:09.4730,9.472692,6.175407,-3.589512,6.129775,-3.496694,0,0,None,00:00.0000,0,0,0,0
00:09.4870,9.486648,6.211574,-3.679928,6.152591,-3.543103,0,0,None,00:00.0000,0,0,0,0
00:09.5010,9.500504,6.265823,-3.770344,6.182082,-3.611515,0,0,None,00:00.0000,0,0,0,0
00:09.5140,9.513836,6.283906,-3.80651,6.235846,-3.717074,0,0,None,00:00.0000,0,0,0,0
00:09.5240,9.523509,6.320073,-3.860759,6.259876,-3.761792,0,0,None,00:00.0000,0,0,0,0
00:09.5380,9.537593,6.356238,-3.896926,6.289974,-3.802234,0,0,None,00:00.0000,0,0,0,0
00:09.5490,9.549117,6.392405,-3.933092,6.305023,-3.831497,0,0,None,00:00.0000,0,0,0,0
00:09.5630,9.562881,6.410489,-3.969259,6.366039,-3.903172,0,0,None,00:00.0000,0,0,0,0
00:09.5730,9.573399,6.446654,-4.023508,6.388264,-3.936216,0,0,None,00:00.0000,0,0,0,0
00:09.5880,9.587774,6.482821,-4.059674,6.408418,-3.961779,0,0,None,00:00.0000,0,0,0,0
00:09.6020,9.602102,6.500904,-4.077758,6.4597,-4.03068,0,0,None,00:00.0000,0,0,0,0
00:09.6150,9.615008,6.53707,-4.150091,6.480302,-4.054219,0,0,None,00:00.0000,0,0,0,0
00:09.6280,9.628404,6.555153,-4.186257,6.508686,-4.102155,0,0,None,00:00.0000,0,0,0,0
00:09.6380,9.638246,6.573237,-4.20434,6.531919,-4.135164,0,0,None,00:00.0000,0,0,0,0
00:09.6540,9.654058,6.573237,-4.222423,6.549345,-4.173484,0,0,None,00:00.0000,0,0,0,0
00:09.6670,9.667116,6.573237,-4.222423,6.561291,-4.188912,0,0,None,00:00.0000,0,0,0,0
00:09.6790,9.679421,6.573237,-4.222423,6.567264,-4.196626,0,0,None,00:00.0000,0,0,0,0
00:09.6930,9.69338,6.59132,-4.258589,6.571744,-4.211453,0,0,None,00:00.0000,0,0,0,0
00:09.7080,9.7076,6.627487,-4.294756,6.581532,-4.235021,0,0,None,00:00.0000,0,0,0,0
00:09.7220,9.721647,6.663653,-4.330922,6.611477,-4.275301,0,0,None,00:00.0000,0,0,0,0
00:09.7310,9.730721,6.663653,-4.349006,6.628523,-4.29407,0,0,None,00:00.0000,0,0,0,0
00:09.7420,9.742278,6.681736,-4.367089,6.646088,-4.321538,0,0,triggerEnter,00:00.0000,0,6.896088,-4.321538,10
