00:00.0070,0.0070234,-8.164557,0.1898736,-8,0,0,0,None,00:00.0000,0,0,0,0
00:00.0160,0.0163137,-8.164557,0.2622062,-8.123417,0.1288427,0,0,None,00:00.0000,0,0,0,0
00:00.0210,0.0209819,-8.164557,0.3526223,-8.143987,0.1683996,0,0,None,00:00.0000,0,0,0,0
00:00.0460,0.0456676,-8.164557,0.4430377,-8.159414,0.2930042,0,0,None,00:00.0000,0,0,0,0
00:00.0600,0.06021691,-8.146474,0.515371,-8.161985,0.3408964,0,0,None,00:00.0000,0,0,0,0
00:00.0750,0.0751373,-8.092224,0.6781191,-8.154873,0.453669,0,0,None,00:00.0000,0,0,0,0
00:00.0900,0.09022751,-8.056058,0.8770341,-8.123549,0.565894,0,0,None,00:00.0000,0,0,0,0
00:00.0990,0.09905761,-8.056058,0.9493673,-8.098845,0.6762563,0,0,None,00:00.0000,0,0,0,0
00:00.1140,0.114391,-8.056058,1.184449,-8.066755,0.8630062,0,0,None,00:00.0000,0,0,0,0
00:00.1280,0.1283306,-8.056058,1.528029,-8.061407,1.023727,0,0,None,00:00.0000,0,0,0,0
00:00.1390,0.1388019,-8.074142,1.76311,-8.058733,1.167379,0,0,None,00:00.0000,0,0,0,0
00:00.1530,0.1531154,-8.12839,2.21519,-8.057396,1.347704,0,0,None,00:00.0000,0,0,0,0
00:00.1660,0.166401,-8.200723,2.649186,-8.101601,1.935027,0,0,None,00:00.0000,0,0,0,0
00:00.1800,0.1800773,-8.218806,2.793851,-8.133079,2.201691,0,0,None,00:00.0000,0,0,0,0
00:00.1900,0.1896098,-8.218806,2.884268,-8.166901,2.425438,0,0,None,00:00.0000,0,0,0,0
00:00.2010,0.2014703,-8.218806,2.920434,-8.192854,2.609645,0,0,None,00:00.0000,0,0,0,0
00:00.2160,0.2159796,-8.18264,2.974684,-8.212318,2.833695,0,0,None,00:00.0000,0,0,0,0
00:00.2300,0.2298986,-8.164557,3.01085,-8.197479,2.886106,0,0,None,00:00.0000,0,0,0,0
00:00.2440,0.2439031,-8.092224,3.155515,-8.168266,2.988706,0,0,None,00:00.0000,0,0,0,0
00:00.2580,0.2578124,-8.056058,3.227848,-8.130245,3.07211,0,0,None,00:00.0000,0,0,0,0
00:00.2690,0.2688383,-8.001808,3.318264,-8.111235,3.113813,0,0,None,00:00.0000,0,0,0,0
00:00.2780,0.2778305,-7.947558,3.517179,-8.056521,3.216038,0,0,None,00:00.0000,0,0,0,0
00:00.2890,0.2893538,-7.893309,3.643761,-8.029165,3.267151,0,0,None,00:00.0000,0,0,0,0
00:00.3000,0.3003592,-7.839059,3.770344,-7.988362,3.392165,0,0,None,00:00.0000,0,0,0,0
00:00.3110,0.3112575,-7.78481,3.915009,-7.940835,3.517963,0,0,None,00:00.0000,0,0,0,0
00:00.3260,0.3263038,-7.766726,3.969259,-7.832858,3.793144,0,0,None,00:00.0000,0,0,0,0
00:00.3360,0.3360804,-7.730561,4.041591,-7.799792,3.881201,0,0,None,00:00.0000,0,0,0,0
00:00.3500,0.3502169,-7.712477,4.077758,-7.774218,3.943313,0,0,None,00:00.0000,0,0,0,0
00:00.3640,0.363948,-7.694394,4.132008,-7.732433,4.044147,0,0,None,00:00.0000,0,0,0,0
00:00.3780,0.3777899,-7.694394,4.168174,-7.713414,4.088077,0,0,None,00:00.0000,0,0,0,0
00:00.3870,0.3869416,-7.694394,4.222424,-7.703904,4.128125,0,0,None,00:00.0000,0,0,0,0
00:00.4030,0.4029775,-7.694394,4.240506,-7.699149,4.148149,0,0,None,00:00.0000,0,0,0,0
00:00.4170,0.4168861,-7.694394,4.294756,-7.695583,4.212896,0,0,None,00:00.0000,0,0,0,0
00:00.4300,0.4304385,-7.712477,4.349005,-7.694988,4.244784,0,0,None,00:00.0000,0,0,0,0
00:00.4450,0.4446477,-7.712477,4.349005,-7.703584,4.300346,0,0,None,00:00.0000,0,0,0,0
00:00.4590,0.4585704,-7.712477,4.349005,-7.708031,4.315634,0,0,None,00:00.0000,0,0,0,0
00:00.4710,0.4713317,-7.712477,4.349005,-7.710254,4.323278,0,0,None,00:00.0000,0,0,0,0
00:00.4850,0.4849504,-7.730561,4.385171,-7.711922,4.338053,0,0,None,00:00.0000,0,0,0,0
00:00.4980,0.4982139,-7.78481,4.439421,-7.712199,4.352571,0,0,None,00:00.0000,0,0,0,0
00:00.5140,0.5140584,-7.78481,4.439421,-7.744053,4.395104,0,0,None,00:00.0000,0,0,0,0
00:00.5280,0.5280051,-7.802893,4.457505,-7.764432,4.417263,0,0,None,00:00.0000,0,0,0,0
00:00.5410,0.540813,-7.802893,4.457505,-7.774621,4.437384,0,0,None,00:00.0000,0,0,0,0
00:00.5550,0.5553098,-7.802893,4.475588,-7.782263,4.452475,0,0,None,00:00.0000,0,0,0,0
00:00.5660,0.5655633,-7.802893,4.475588,-7.792578,4.454989,0,0,None,00:00.0000,0,0,0,0
00:00.5740,0.5744364,-7.766726,4.493671,-7.797735,4.456247,0,0,None,00:00.0000,0,0,0,0
00:00.5930,0.5927929,-7.748643,4.493671,-7.800314,4.465918,0,0,None,00:00.0000,0,0,0,0
00:00.6070,0.6067865,-7.658228,4.493671,-7.766082,4.486732,0,0,None,00:00.0000,0,0,0,0
00:00.6210,0.6205909,-7.531646,4.439421,-7.712155,4.490202,0,0,None,00:00.0000,0,0,0,0
00:00.6350,0.6353869,-7.423147,4.403255,-7.590335,4.456637,0,0,None,00:00.0000,0,0,0,0
00:00.6480,0.6481849,-7.224232,4.330922,-7.506741,4.429946,0,0,None,00:00.0000,0,0,0,0
00:00.6620,0.6619953,-7.151899,4.312839,-7.419736,4.398518,0,0,None,00:00.0000,0,0,0,0
00:00.6660,0.6662726,-7.079566,4.294756,-7.321984,4.36472,0,0,triggerEnter,00:00.0000,0,-7.071984,4.36472,0
00:00.6710,0.6707495,-6.98915,4.276672,-7.321984,4.36472,0,0,None,00:00.0000,0,0,0,0
00:00.6770,0.6766393,-6.9349,4.276672,-7.206359,4.348615,-7.150743,4.102509,gateEnter,00:00.0000,0,0,0,0
00:00.6850,0.6848637,-6.9349,4.276672,-7.110822,4.370288,0,0,None,00:00.0000,0,0,0,0
00:00.6960,0.6960953,-6.844484,4.294756,-7.022861,4.354375,0,0,None,00:00.0000,0,0,0,0
00:00.7080,0.7082306,-6.808318,4.312839,-6.960797,4.3545,0,0,None,00:00.0000,0,0,0,0
00:00.7230,0.7225599,-6.772152,4.312839,-6.855479,4.35468,0,0,None,00:00.0000,0,0,0,0
00:00.7330,0.7332761,-6.754069,4.312839,-6.822857,4.354744,0,0,None,00:00.0000,0,0,0,0
00:00.7480,0.7479922,-6.717902,4.312839,-6.795582,4.351838,0,0,None,00:00.0000,0,0,0,0
00:00.7610,0.7611876,-6.663652,4.25859,-6.754449,4.342949,0,0,None,00:00.0000,0,0,0,0
00:00.7660,0.7662386,-6.663652,4.25859,-6.727134,4.318852,-6.845105,4.10872,gateExit,00:00.0900,0.08959937,0,0,0
00:00.7710,0.7706775,-6.627487,4.222424,-6.727134,4.318852,0,0,None,00:00.0000,0,0,0,0
00:00.7760,0.7764446,-6.59132,4.168174,-6.689744,4.298783,-6.847312,4.104789,gateEnter,00:00.0000,0,0,0,0
00:00.7820,0.7815602,-6.518988,3.987341,-6.650997,4.267095,0,0,None,00:00.0000,0,0,0,0
00:00.8130,0.8131191,-6.500904,3.951175,-6.556227,4.09296,-6.839999,4.092959,gateExit,00:00.0370,0.03667444,0,0,0
00:00.8130,0.8131191,-6.500904,3.951175,-6.556227,4.09296,0,0,None,00:00.0000,0,0,0,0
00:00.8250,0.8248686,-6.482821,3.86076,-6.528565,4.022068,0,0,None,00:00.0000,0,0,0,0
00:00.8400,0.8398815,-6.482821,3.770344,-6.505693,3.941414,0,0,None,00:00.0000,0,0,0,0
00:00.8510,0.8505617,-6.482821,3.607595,-6.494257,3.883004,0,0,None,00:00.0000,0,0,0,0
00:00.8640,0.8641723,-6.482821,3.517179,-6.48568,3.762342,0,0,None,00:00.0000,0,0,0,0
00:00.8790,0.8790134,-6.482821,3.336347,-6.48425,3.684969,0,0,None,00:00.0000,0,0,0,0
00:00.8950,0.8948535,-6.464737,3.083183,-6.483178,3.450627,0,0,None,00:00.0000,0,0,0,0
00:00.9100,0.9103913,-6.428571,2.685353,-6.483,3.330196,0,0,None,00:00.0000,0,0,0,0
00:00.9260,0.9258192,-6.392405,2.450271,-6.446699,2.900813,0,0,None,00:00.0000,0,0,0,0
00:00.9350,0.9354534,-6.356239,1.998191,-6.419552,2.675542,0,0,None,00:00.0000,0,0,0,0
00:00.9530,0.95284,-6.320073,1.528029,-6.396937,2.454407,0,0,None,00:00.0000,0,0,0,0
00:00.9670,0.9671958,-6.265823,1.130199,-6.343809,1.818394,0,0,None,00:00.0000,0,0,0,0
00:00.9810,0.9809526,-6.229656,0.913201,-6.322899,1.582796,0,0,None,00:00.0000,0,0,0,0
00:00.9920,0.9923329,-6.13924,0.515371,-6.294361,1.356497,0,0,None,00:00.0000,0,0,0,0
00:01.0060,1.005976,-6.048824,0.1356238,-6.187062,0.7753813,0,0,None,00:00.0000,0,0,0,0
00:01.0210,1.020757,-6.012658,-0.02712488,-6.145068,0.55496,0,0,None,00:00.0000,0,0,0,0
00:01.0350,1.034851,-5.940325,-0.443038,-6.054802,0.1590835,0,0,None,00:00.0000,0,0,0,0
00:01.0490,1.049391,-5.904159,-0.8589512,-5.997563,-0.1419773,0,0,None,00:00.0000,0,0,0,0
00:01.0540,1.054244,-5.904159,-0.8589512,-5.999051,-0.4100483,-5.753782,-0.1419773,gateEnter,00:00.0000,0,0,0,1
00:01.0640,1.064234,-5.886076,-1.311031,-6.00024,-0.6344998,0,0,None,00:00.0000,0,0,0,0
00:01.0790,1.079268,-5.886076,-1.745027,-6.001954,-1.078607,0,0,None,00:00.0000,0,0,0,0
00:01.0980,1.098027,-5.886076,-2.21519,-6.00305,-1.524172,0,0,None,00:00.0000,0,0,0,0
00:01.1130,1.113383,-5.904159,-2.359855,-6.00344,-1.797348,0,0,None,00:00.0000,0,0,0,0
00:01.1280,1.127689,-5.922243,-2.594936,-6.003752,-2.078602,0,0,None,00:00.0000,0,0,0,0
00:01.1410,1.141348,-5.922243,-2.721519,-6.004002,-2.273478,0,0,None,00:00.0000,0,0,0,0
00:01.1550,1.155049,-5.922243,-2.848101,-6.004361,-2.577863,0,0,None,00:00.0000,0,0,0,0
00:01.1690,1.16905,-5.922243,-2.974684,-6.004489,-2.712982,0,0,None,00:00.0000,0,0,0,0
00:01.1830,1.182777,-5.922243,-3.155515,-6.004591,-2.807667,0,0,None,00:00.0000,0,0,0,0
00:01.1920,1.191835,-5.922243,-3.209765,-6.004738,-2.978137,0,0,None,00:00.0000,0,0,0,0
00:01.2070,1.207409,-5.904159,-3.35443,-6.004791,-3.093951,0,0,None,00:00.0000,0,0,0,0
00:01.2220,1.221678,-5.904159,-3.426763,-6.004833,-3.188025,0,0,None,00:00.0000,0,0,0,0
00:01.2310,1.231282,-5.904159,-3.517179,-6.004866,-3.271227,0,0,None,00:00.0000,0,0,0,0
00:01.2460,1.245535,-5.904159,-3.571429,-6.004914,-3.442129,0,0,None,00:00.0000,0,0,0,0
00:01.2580,1.258354,-5.922243,-3.679928,-6.004931,-3.506779,0,0,None,00:00.0000,0,0,0,0
00:01.2730,1.272956,-5.940325,-3.788427,-6.004945,-3.566228,0,0,None,00:00.0000,0,0,0,0
00:01.2830,1.282638,-5.958409,-3.860759,-6.004965,-3.719315,0,0,None,00:00.0000,0,0,0,0
00:01.2990,1.29934,-5.958409,-3.969259,-6.004972,-3.762912,0,0,None,00:00.0000,0,0,0,0
00:01.3080,1.308297,-5.976492,-4.023508,-6.004978,-3.838961,0,0,None,00:00.0000,0,0,0,0
00:01.3240,1.323575,-6.030741,-4.095841,-6.004986,-3.963809,0,0,None,00:00.0000,0,0,0,0
00:01.3370,1.337306,-6.066908,-4.113924,-6.004989,-4.020783,0,0,None,00:00.0000,0,0,0,0
00:01.3520,1.352304,-6.084991,-4.186257,-6.017865,-4.058312,0,0,None,00:00.0000,0,0,0,0
00:01.3570,1.357213,-6.084991,-4.186257,-6.051428,-4.104201,-5.759999,-4.100139,gateExit,00:00.3030,0.3029692,0,0,1
00:01.3620,1.362002,-6.084991,-4.222423,-6.06821,-4.127146,0,0,None,00:00.0000,0,0,0,0
00:01.3770,1.377006,-6.084991,-4.312839,-6.0766,-4.174785,0,0,None,00:00.0000,0,0,0,0
00:01.3910,1.391072,-6.066908,-4.367089,-6.080795,-4.225729,0,0,None,00:00.0000,0,0,0,0
00:01.4000,1.400115,-6.066908,-4.403255,-6.082893,-4.278325,0,0,None,00:00.0000,0,0,0,0
00:01.4170,1.416693,-6.048824,-4.475588,-6.061862,-4.381064,0,0,None,00:00.0000,0,0,0,0
00:01.4300,1.430144,-6.012658,-4.547921,-6.055344,-4.428326,0,0,None,00:00.0000,0,0,0,0
00:01.4450,1.444621,-5.994575,-4.584087,-6.02785,-4.508981,0,0,None,00:00.0000,0,0,0,0
00:01.4580,1.458051,-5.940325,-4.674502,-6.011212,-4.546534,0,0,None,00:00.0000,0,0,0,0
00:01.4720,1.47157,-5.831826,-4.746836,-5.993852,-4.592435,0,0,None,00:00.0000,0,0,0,0
00:01.4760,1.476397,-5.831826,-4.746836,-5.949006,-4.651552,0,0,triggerEnter,00:00.0000,0,-5.699006,-4.651552,1
00:01.4860,1.48589,-5.74141,-4.764919,-5.951971,-4.653277,-5.753316,-4.797526,gateEnter,00:00.0000,0,0,0,1
00:01.4860,1.48589,-5.74141,-4.764919,-5.951971,-4.653277,0,0,None,00:00.0000,0,0,0,0
00:01.5020,1.502105,-5.705244,-4.764919,-5.94926,-4.647722,0,0,None,00:00.0000,0,0,0,0
00:01.5130,1.512793,-5.578662,-4.710669,-5.92193,-4.612659,0,0,None,00:00.0000,0,0,0,0
00:01.5290,1.528724,-5.39783,-4.692586,-5.853274,-4.549455,0,0,None,00:00.0000,0,0,0,0
00:01.5380,1.538327,-5.216999,-4.656419,-5.693523,-4.51917,0,0,None,00:00.0000,0,0,0,0
00:01.5440,1.543656,-5.05425,-4.60217,-5.545676,-4.545499,0,0,None,00:00.0000,0,0,0,0
00:01.5710,1.571084,-4.981917,-4.566004,-5.327087,-4.545399,0,0,None,00:00.0000,0,0,0,0
00:01.5760,1.576124,-4.94575,-4.529838,-5.190669,-4.573785,-5.442464,-4.793426,gateExit,00:00.0900,0.09023392,0,0,1
00:01.5860,1.585582,-4.8915,-4.475588,-5.086293,-4.569894,0,0,None,00:00.0000,0,0,0,0
00:01.6030,1.602905,-4.855334,-4.349006,-5.016022,-4.549866,0,0,None,00:00.0000,0,0,0,0
00:01.6170,1.617379,-4.855334,-4.222423,-4.900027,-4.417304,0,0,None,00:00.0000,0,0,0,0
00:01.6310,1.631026,-4.819169,-4.077758,-4.877681,-4.35603,0,0,None,00:00.0000,0,0,0,0
00:01.6460,1.646063,-4.819169,-4.023508,-4.838317,-4.160888,0,0,None,00:00.0000,0,0,0,0
00:01.6590,1.659244,-4.764919,-3.896926,-4.828743,-4.092198,0,0,None,00:00.0000,0,0,0,0
00:01.6730,1.672955,-4.728752,-3.860759,-4.805872,-4.012645,0,0,None,00:00.0000,0,0,0,0
00:01.6860,1.685672,-4.710669,-3.80651,-4.757074,-3.907773,0,0,None,00:00.0000,0,0,0,0
00:01.6990,1.699256,-4.656419,-3.698011,-4.742913,-3.884266,0,0,None,00:00.0000,0,0,0,0
00:01.7150,1.715401,-4.620254,-3.535262,-4.664481,-3.712929,0,0,None,00:00.0000,0,0,0,0
00:01.7290,1.729168,-4.620254,-3.264014,-4.642367,-3.624096,0,0,None,00:00.0000,0,0,0,0
00:01.7430,1.742759,-4.620254,-2.848101,-4.625782,-3.399243,0,0,None,00:00.0000,0,0,0,0
00:01.7590,1.758898,-4.620254,-2.594936,-4.623018,-3.241213,0,0,None,00:00.0000,0,0,0,0
00:01.7720,1.772474,-4.620254,-2.052441,-4.621635,-2.918075,0,0,None,00:00.0000,0,0,0,0
00:01.7860,1.785651,-4.566004,-1.672694,-4.620599,-2.332141,0,0,None,00:00.0000,0,0,0,0
00:01.7970,1.79732,-4.529837,-1.528029,-4.611384,-2.092834,0,0,None,00:00.0000,0,0,0,0
00:01.8070,1.8072,-4.439421,-1.148282,-4.604375,-1.810431,-4.3525,-1.979352,gateEnter,00:00.0000,0,0,0,2
00:01.8120,1.812083,-4.439421,-1.148282,-4.6045,-1.578814,0,0,None,00:00.0000,0,0,0,0
00:01.8240,1.82417,-4.367088,-0.7323688,-4.6046,-1.363548,0,0,None,00:00.0000,0,0,0,0
00:01.8390,1.838771,-4.312839,-0.1717901,-4.60468,-1.174541,0,0,None,00:00.0000,0,0,0,0
00:01.8500,1.849965,-4.367088,0.4972875,-4.604795,-0.6530385,0,0,None,00:00.0000,0,0,0,0
00:01.8680,1.86816,-4.421338,0.7866186,-4.604836,-0.2496656,0,0,None,00:00.0000,0,0,0,0
00:01.8810,1.881323,-4.511754,1.238698,-4.604869,0.2684765,0,0,None,00:00.0000,0,0,0,0
00:01.8910,1.890632,-4.529837,1.564195,-4.604916,0.8469562,0,0,None,00:00.0000,0,0,0,0
00:01.9060,1.906461,-4.511754,1.672695,-4.604933,1.133243,0,0,None,00:00.0000,0,0,0,0
00:01.9210,1.92057,-4.457504,1.87161,-4.604946,1.402969,0,0,None,00:00.0000,0,0,0,0
00:01.9350,1.934728,-4.439421,1.962025,-4.604966,1.731845,0,0,None,00:00.0000,0,0,0,0
00:01.9480,1.94836,-4.421338,2.16094,-4.604972,1.846935,0,0,None,00:00.0000,0,0,0,0
00:01.9610,1.961419,-4.439421,2.377939,-4.604978,2.003938,0,0,None,00:00.0000,0,0,0,0
00:01.9750,1.974951,-4.475588,2.522604,-4.604986,2.257314,0,0,None,00:00.0000,0,0,0,0
00:01.9880,1.988085,-4.54792,2.703436,-4.604989,2.417084,0,0,None,00:00.0000,0,0,0,0
00:02.0050,2.004573,-4.54792,2.793851,-4.604993,2.622806,0,0,None,00:00.0000,0,0,0,0
00:02.0190,2.018914,-4.54792,2.848101,-4.604994,2.681204,0,0,None,00:00.0000,0,0,0,0
00:02.0320,2.032149,-4.54792,2.974684,-4.604995,2.764653,0,0,None,00:00.0000,0,0,0,0
00:02.0460,2.046491,-4.54792,3.047016,-4.604997,2.904093,0,0,None,00:00.0000,0,0,0,0
00:02.0550,2.055391,-4.54792,3.209765,-4.604998,2.975554,0,0,None,00:00.0000,0,0,0,0
00:02.0700,2.069741,-4.54792,3.282098,-4.604998,3.047452,0,0,None,00:00.0000,0,0,0,0
00:02.0840,2.083932,-4.54792,3.318264,-4.604999,3.128608,0,0,None,00:00.0000,0,0,0,0
00:02.0970,2.097206,-4.54792,3.318264,-4.604999,3.243725,0,0,None,00:00.0000,0,0,0,0
00:02.1080,2.107894,-4.54792,3.318264,-4.604999,3.262911,0,0,None,00:00.0000,0,0,0,0
00:02.1200,2.120424,-4.54792,3.318264,-4.604999,3.272504,0,0,None,00:00.0000,0,0,0,0
00:02.1350,2.135011,-4.566004,3.227848,-4.604999,3.297782,0,0,None,00:00.0000,0,0,0,0
00:02.1480,2.148311,-4.584087,3.137432,-4.604999,3.298982,0,0,None,00:00.0000,0,0,0,0
00:02.1620,2.162413,-4.638336,2.938517,-4.604999,3.263415,0,0,None,00:00.0000,0,0,0,0
00:02.1760,2.176048,-4.692585,2.594936,-4.621668,3.051387,0,0,None,00:00.0000,0,0,0,0
00:02.1850,2.184952,-4.728752,2.377939,-4.639044,2.922619,-4.36,2.922619,gateExit,00:00.3780,0.3777524,0,0,2
00:02.1900,2.189904,-4.764919,2.142857,-4.639044,2.922619,0,0,None,00:00.0000,0,0,0,0
00:02.2030,2.203373,-4.855334,1.528029,-4.724408,2.396568,0,0,None,00:00.0000,0,0,0,0
00:02.2180,2.217745,-4.8915,1.166365,-4.789871,1.962299,0,0,None,00:00.0000,0,0,0,0
00:02.2310,2.230904,-4.981917,0.4068714,-4.840686,1.564332,0,0,None,00:00.0000,0,0,0,0
00:02.2450,2.245156,-5,0.009041429,-4.933046,0.8002149,0,0,None,00:00.0000,0,0,0,0
00:02.2580,2.257605,-5.018084,-0.6419531,-4.966523,0.4046282,0,0,None,00:00.0000,0,0,0,0
00:02.2710,2.271268,-5.018084,-1.166365,-4.992303,0.03504473,0,0,None,00:00.0000,0,0,0,0
00:02.2850,2.28526,-5.018084,-1.41953,-5.011639,-0.8072423,0,0,None,00:00.0000,0,0,0,0
00:02.2950,2.294595,-4.981917,-1.871609,-5.014861,-1.113386,0,0,None,00:00.0000,0,0,0,0
00:02.3080,2.308191,-4.981917,-2.052441,-5.00743,-1.383999,0,0,None,00:00.0000,0,0,0,0
00:02.3250,2.324768,-4.981917,-2.685353,-4.988296,-1.948622,0,0,None,00:00.0000,0,0,0,0
00:02.3390,2.339159,-4.981917,-3.101266,-4.985106,-2.199446,0,0,None,00:00.0000,0,0,0,0
00:02.3480,2.348498,-4.981917,-3.318264,-4.983512,-2.541857,0,0,None,00:00.0000,0,0,0,0
00:02.3630,2.363446,-4.981917,-3.535262,-4.982316,-3.069913,0,0,None,00:00.0000,0,0,0,0
00:02.3770,2.377311,-5,-3.896926,-4.982117,-3.302588,0,0,None,00:00.0000,0,0,0,0
00:02.3920,2.391617,-5.018084,-4.276672,-4.982017,-3.500299,0,0,None,00:00.0000,0,0,0,0
00:02.3970,2.396863,-5.036166,-4.421338,-5.00005,-3.79807,0,0,None,00:00.0000,0,0,0,0
00:02.4180,2.417821,-5.036166,-4.656419,-5.018108,-4.109704,0,0,None,00:00.0000,0,0,0,0
00:02.4320,2.431819,-5.036166,-4.746836,-5.027137,-4.383061,0,0,None,00:00.0000,0,0,0,0
00:02.4420,2.441516,-5.036166,-4.783002,-5.031651,-4.546865,0,0,None,00:00.0000,0,0,0,0
00:02.4520,2.452214,-5.036166,-4.837251,-5.033909,-4.646851,0,0,None,00:00.0000,0,0,0,0
00:02.4660,2.466416,-5.036166,-4.837251,-5.035602,-4.745597,-5.035319,-4.997274,wallEnter,00:00.0000,0,0,0,-1
00:02.4660,2.466416,-5.036166,-4.837251,-5.035602,-4.745597,0,0,None,00:00.0000,0,0,0,0
00:02.4770,2.476613,-5.018084,-4.873418,-5.035884,-4.745478,0,0,None,00:00.0000,0,0,0,0
00:02.4870,2.48673,-5.018084,-4.873418,-5.036025,-4.745382,0,0,None,00:00.0000,0,0,0,0
00:02.4990,2.499292,-5.018084,-4.891501,-5.036096,-4.745306,0,0,None,00:00.0000,0,0,0,0
00:02.5120,2.51249,-5,-4.891501,-5.02709,-4.745245,0,0,None,00:00.0000,0,0,0,0
00:02.5270,2.527218,-5,-4.909584,-5.011293,-4.745157,0,0,None,00:00.0000,0,0,0,0
00:02.5410,2.540764,-5,-4.909584,-5.005647,-4.745125,0,0,None,00:00.0000,0,0,0,0
00:02.5550,2.554652,-4.981917,-4.909584,-5.001411,-4.74508,0,0,None,00:00.0000,0,0,0,0
00:02.5690,2.569052,-4.981917,-4.909584,-5.000706,-4.745064,0,0,None,00:00.0000,0,0,0,0
00:02.5780,2.578463,-4.981917,-4.909584,-5.000353,-4.745051,0,0,None,00:00.0000,0,0,0,0
00:02.5940,2.593966,-4.981917,-4.909584,-5.000088,-4.745033,0,0,None,00:00.0000,0,0,0,0
00:02.6060,2.605892,-4.963834,-4.909584,-4.991002,-4.745026,0,0,None,00:00.0000,0,0,0,0
00:02.6150,2.614971,-4.8915,-4.891501,-4.98646,-4.745021,0,0,None,00:00.0000,0,0,0,0
00:02.6320,2.632262,-4.837251,-4.855334,-4.966105,-4.745017,0,0,None,00:00.0000,0,0,0,0
00:02.6470,2.647004,-4.746835,-4.746836,-4.883027,-4.74501,0,0,None,00:00.0000,0,0,0,0
00:02.6610,2.661241,-4.674503,-4.674502,-4.814931,-4.745008,0,0,None,00:00.0000,0,0,0,0
00:02.6750,2.674826,-4.620254,-4.638336,-4.718652,-4.69665,-4.718652,-4.99,wallExit,00:00.2080,0.20841,0,0,-1
00:02.6750,2.674826,-4.620254,-4.638336,-4.718652,-4.69665,0,0,None,00:00.0000,0,0,0,0
00:02.6890,2.688841,-4.60217,-4.638336,-4.678494,-4.676535,0,0,None,00:00.0000,0,0,0,0
00:02.6980,2.697582,-4.584087,-4.638336,-4.649374,-4.657435,0,0,None,00:00.0000,0,0,0,0
00:02.7130,2.713177,-4.566004,-4.638336,-4.634814,-4.647886,0,0,None,00:00.0000,0,0,0,0
00:02.7270,2.727201,-4.529837,-4.638336,-4.587727,-4.640724,0,0,None,00:00.0000,0,0,0,0
00:02.7420,2.74195,-4.511754,-4.638336,-4.567823,-4.63953,0,0,None,00:00.0000,0,0,0,0
00:02.7470,2.746711,-4.49367,-4.638336,-4.54883,-4.638933,0,0,triggerEnter,00:00.0000,0,-4.29883,-4.638933,2
00:02.7510,2.751463,-4.457504,-4.638336,-4.54883,-4.638933,0,0,None,00:00.0000,0,0,0,0
00:02.7570,2.756788,-4.457504,-4.638336,-4.537756,-4.625263,-4.356171,-4.795001,gateEnter,00:00.0000,0,0,0,2
00:02.7660,2.766104,-4.385171,-4.638336,-4.520192,-4.606771,0,0,None,00:00.0000,0,0,0,0
00:02.7950,2.794707,-4.312839,-4.60217,-4.463512,-4.563385,0,0,None,00:00.0000,0,0,0,0
00:02.8040,2.804429,-4.294756,-4.60217,-4.413651,-4.551287,0,0,None,00:00.0000,0,0,0,0
00:02.8210,2.82063,-4.258589,-4.60217,-4.363968,-4.538572,0,0,None,00:00.0000,0,0,0,0
00:02.8350,2.835319,-4.222423,-4.584087,-4.289455,-4.545473,0,0,None,00:00.0000,0,0,0,0
00:02.8480,2.847899,-4.168173,-4.584087,-4.255939,-4.545378,0,0,None,00:00.0000,0,0,0,0
00:02.8630,2.86273,-4.150091,-4.584087,-4.221098,-4.545302,0,0,None,00:00.0000,0,0,0,0
00:02.8760,2.87614,-4.113924,-4.529838,-4.163321,-4.545193,0,0,None,00:00.0000,0,0,0,0
00:02.8860,2.886402,-4.095841,-4.511754,-4.138623,-4.537516,0,0,None,00:00.0000,0,0,0,0
00:02.8950,2.895457,-4.059674,-4.439421,-4.117232,-4.524635,-4.117232,-4.789999,gateExit,00:00.1390,0.1386683,0,0,2
00:02.8950,2.895457,-4.059674,-4.439421,-4.117232,-4.524635,0,0,None,00:00.0000,0,0,0,0
00:02.9080,2.908335,-4.041591,-4.403255,-4.097495,-4.500112,0,0,None,00:00.0000,0,0,0,0
00:02.9230,2.923191,-4.005425,-4.367089,-4.060088,-4.43199,0,0,None,00:00.0000,0,0,0,0
00:02.9380,2.938446,-3.987342,-4.349006,-4.041798,-4.417623,0,0,None,00:00.0000,0,0,0,0
00:02.9480,2.947877,-3.969259,-4.312839,-4.01457,-4.383314,0,0,None,00:00.0000,0,0,0,0
00:02.9620,2.962253,-3.915009,-4.240506,-3.991914,-4.348077,0,0,None,00:00.0000,0,0,0,0
00:02.9670,2.967413,-3.878843,-4.168174,-3.966676,-4.342211,-4.048314,-4.107198,gateEnter,00:00.0000,0,0,0,2
00:02.9720,2.972057,-3.878843,-4.168174,-3.966676,-4.342211,0,0,None,00:00.0000,0,0,0,0
00:02.9830,2.983146,-3.80651,-4.005425,-3.875459,-4.300898,0,0,None,00:00.0000,0,0,0,0
00:02.9950,2.995233,-3.770344,-3.860759,-3.81139,-4.214934,0,0,None,00:00.0000,0,0,0,0
00:03.0060,3.005841,-3.734177,-3.661844,-3.790867,-4.037847,-4.039999,-4.037847,gateExit,00:00.0380,0.03842878,0,0,2
00:03.0060,3.005841,-3.734177,-3.661844,-3.790867,-4.037847,0,0,None,00:00.0000,0,0,0,0
00:03.0160,3.016035,-3.679928,-3.01085,-3.762522,-3.849845,-4.040433,-4.037847,gateEnter,00:00.0000,0,0,0,2
00:03.0160,3.016035,-3.679928,-3.01085,-3.762522,-3.849845,0,0,None,00:00.0000,0,0,0,0
00:03.0270,3.026504,-3.679928,-2.55877,-3.730267,-3.61118,-4.039999,-3.611179,gateExit,00:00.0100,0.01046944,0,0,2
00:03.0270,3.026504,-3.679928,-2.55877,-3.730267,-3.61118,0,0,None,00:00.0000,0,0,0,0
00:03.0370,3.037411,-3.679928,-2.070524,-3.705097,-3.084975,0,0,None,00:00.0000,0,0,0,0
00:03.0520,3.051589,-3.607595,-0.4249549,-3.692513,-2.57775,0,0,None,00:00.0000,0,0,0,0
00:03.0620,3.062148,-3.607595,0.04520774,-3.659095,-1.763558,0,0,None,00:00.0000,0,0,0,0
00:03.0720,3.072099,-3.607595,0.515371,-3.62047,-0.7596058,0,0,None,00:00.0000,0,0,0,0
00:03.0890,3.088846,-3.643761,1.401446,-3.614032,-0.357199,0,0,None,00:00.0000,0,0,0,0
00:03.1030,3.103495,-3.698011,2.16094,-3.631808,0.853286,0,0,None,00:00.0000,0,0,0,0
00:03.1150,3.11462,-3.788427,2.793851,-3.646826,1.326281,0,0,None,00:00.0000,0,0,0,0
00:03.1340,3.13356,-3.824593,3.047016,-3.690502,1.915401,0,0,None,00:00.0000,0,0,0,0
00:03.1470,3.146624,-3.860759,3.390596,-3.782029,2.700821,0,0,None,00:00.0000,0,0,0,0
00:03.1570,3.156582,-3.860759,3.499096,-3.795625,3.045709,-4.0475,2.902075,gateEnter,00:00.0000,0,0,0,2
00:03.1610,3.16125,-3.860759,3.553345,-3.795625,3.045709,0,0,None,00:00.0000,0,0,0,0
00:03.1720,3.171915,-3.824593,3.661845,-3.7955,3.272402,0,0,None,00:00.0000,0,0,0,0
00:03.1860,3.186424,-3.824593,3.679928,-3.79532,3.555442,0,0,None,00:00.0000,0,0,0,0
00:03.1950,3.195019,-3.824593,3.716094,-3.795256,3.608644,0,0,None,00:00.0000,0,0,0,0
00:03.2120,3.212061,-3.80651,3.788426,-3.795204,3.662369,0,0,None,00:00.0000,0,0,0,0
00:03.2220,3.221678,-3.80651,3.824594,-3.795163,3.707314,0,0,None,00:00.0000,0,0,0,0
00:03.2360,3.235522,-3.788427,3.969259,-3.795105,3.804315,0,0,None,00:00.0000,0,0,0,0
00:03.2540,3.254138,-3.770344,4.023509,-3.791755,3.91446,0,0,None,00:00.0000,0,0,0,0
00:03.2630,3.263206,-3.75226,4.059675,-3.781049,3.968985,0,0,None,00:00.0000,0,0,0,0
00:03.2770,3.27709,-3.734177,4.077758,-3.766655,4.01433,-4.039999,4.01433,gateExit,00:00.1210,0.1205075,0,0,2
00:03.2770,3.27709,-3.734177,4.077758,-3.766655,4.01433,0,0,None,00:00.0000,0,0,0,0
00:03.2900,3.290049,-3.679928,4.132008,-3.750416,4.046044,0,0,None,00:00.0000,0,0,0,0
00:03.3040,3.303604,-3.571429,4.20434,-3.679466,4.119558,0,0,None,00:00.0000,0,0,0,0
00:03.3150,3.314926,-3.481013,4.294756,-3.652572,4.143866,0,0,None,00:00.0000,0,0,0,0
00:03.3320,3.332203,-3.426763,4.385171,-3.602959,4.192186,0,0,None,00:00.0000,0,0,0,0
00:03.3460,3.346251,-3.35443,4.511754,-3.484374,4.314322,0,0,None,00:00.0000,0,0,0,0
00:03.3600,3.360247,-3.282098,4.65642,-3.419402,4.413038,0,0,None,00:00.0000,0,0,0,0
00:03.3740,3.37378,-3.245931,4.746835,-3.368833,4.507604,0,0,None,00:00.0000,0,0,0,0
00:03.3870,3.386904,-3.191681,4.855335,-3.285698,4.664423,0,0,None,00:00.0000,0,0,0,0
00:03.3960,3.396202,-3.191681,4.873418,-3.23869,4.745625,-3.241093,4.9975,wallEnter,00:00.0000,0,0,0,-1
00:03.4000,3.400248,-3.191681,4.873418,-3.23869,4.745625,0,0,None,00:00.0000,0,0,0,0
00:03.4140,3.413533,-3.191681,4.873418,-3.203434,4.7454,0,0,None,00:00.0000,0,0,0,0
00:03.4270,3.426675,-3.191681,4.873418,-3.203434,4.74532,-2.959408,4.797972,gateEnter,00:00.0300,0.03047323,0,0,3
00:03.4270,3.426675,-3.191681,4.873418,-3.203434,4.74532,0,0,None,00:00.0000,0,0,0,0
00:03.4360,3.435918,-3.191681,4.873418,-3.203434,4.745256,0,0,None,00:00.0000,0,0,0,0
00:03.4510,3.451057,-3.173599,4.891501,-3.203434,4.745205,0,0,None,00:00.0000,0,0,0,0
00:03.4650,3.464831,-3.119349,4.855335,-3.203434,4.745131,0,0,None,00:00.0000,0,0,0,0
00:03.4790,3.4791,-3.047016,4.783001,-3.203434,4.745105,0,0,None,00:00.0000,0,0,0,0
00:03.4930,3.493019,-3.01085,4.764919,-3.203434,4.745067,0,0,None,00:00.0000,0,0,0,0
00:03.5090,3.508627,-2.721519,4.692586,-3.201168,4.734612,0,0,None,00:00.0000,0,0,0,0
00:03.5130,3.513345,-2.721519,4.692586,-3.185323,4.673748,-3.185322,4.99,wallExit,00:00.1170,0.1171439,0,0,-1
00:03.5190,3.518714,-2.61302,4.674502,-3.185323,4.673748,0,0,None,00:00.0000,0,0,0,0
00:03.5280,3.527594,-2.504521,4.65642,-3.118293,4.585215,0,0,triggerEnter,00:00.0000,0,-2.868293,4.585215,3
00:03.5330,3.533428,-2.414105,4.638336,-2.947402,4.498666,0,0,None,00:00.0000,0,0,0,0
00:03.5510,3.551368,-2.233273,4.60217,-2.725961,4.545624,0,0,None,00:00.0000,0,0,0,0
00:03.5650,3.565446,-2.16094,4.584086,-2.379049,4.573834,-2.642323,4.793591,gateExit,00:00.1690,0.1692445,0,0,3
00:03.5650,3.565446,-2.16094,4.584086,-2.379049,4.573834,0,0,None,00:00.0000,0,0,0,0
00:03.5790,3.579397,-2.106691,4.566004,-2.269995,4.57896,0,0,None,00:00.0000,0,0,0,0
00:03.5940,3.593559,-2.088607,4.566004,-2.206426,4.581523,0,0,None,00:00.0000,0,0,0,0
00:03.6080,3.607626,-2.088607,4.54792,-2.122583,4.569884,0,0,None,00:00.0000,0,0,0,0
00:03.6190,3.619214,-2.070524,4.529838,-2.105595,4.567944,0,0,None,00:00.0000,0,0,0,0
00:03.6330,3.632686,-2.034358,4.511754,-2.08806,4.557932,0,0,None,00:00.0000,0,0,0,0
00:03.6460,3.646052,-2.016275,4.493671,-2.056825,4.52782,0,0,None,00:00.0000,0,0,0,0
00:03.6590,3.659049,-1.980108,4.457505,-2.03655,4.510745,0,0,None,00:00.0000,0,0,0,0
00:03.6720,3.672347,-1.962025,4.439421,-2.017371,4.493166,0,0,None,00:00.0000,0,0,0,0
00:03.6860,3.685881,-1.925859,4.421339,-1.975862,4.457378,0,0,None,00:00.0000,0,0,0,0
00:03.7080,3.708159,-1.925859,4.403255,-1.959902,4.439359,0,0,None,00:00.0000,0,0,0,0
00:03.7220,3.722111,-1.907776,4.330922,-1.93437,4.412281,0,0,None,00:00.0000,0,0,0,0
00:03.7390,3.739441,-1.907776,4.222424,-1.921073,4.371602,0,0,None,00:00.0000,0,0,0,0
00:03.7540,3.754046,-1.907776,4.059675,-1.9111,4.27328,0,0,None,00:00.0000,0,0,0,0
00:03.7670,3.76738,-1.907776,3.896926,-1.909438,4.166477,0,0,None,00:00.0000,0,0,0,0
00:03.7800,3.780436,-1.925859,3.80651,-1.908607,4.076909,0,0,None,00:00.0000,0,0,0,0
00:03.7940,3.793791,-1.980108,3.46293,-1.917025,3.896714,0,0,None,00:00.0000,0,0,0,0
00:03.8070,3.807463,-2.070524,3.101266,-1.948567,3.679822,0,0,None,00:00.0000,0,0,0,0
00:03.8240,3.824156,-2.197107,2.66727,-2.026473,3.295634,0,0,None,00:00.0000,0,0,0,0
00:03.8390,3.838509,-2.341772,2.16094,-2.11179,2.981452,0,0,None,00:00.0000,0,0,0,0
00:03.8520,3.851712,-2.396022,1.582279,-2.190615,2.70682,0,0,None,00:00.0000,0,0,0,0
00:03.8660,3.865581,-2.396022,1.311031,-2.340149,1.940267,0,0,None,00:00.0000,0,0,0,0
00:03.8780,3.878075,-2.396022,1.057866,-2.368085,1.625649,0,0,None,00:00.0000,0,0,0,0
00:03.8900,3.89045,-2.341772,0.5515373,-2.382054,1.341758,0,0,None,00:00.0000,0,0,0,0
00:03.9020,3.901699,-2.305606,0.2983725,-2.379996,1.07323,0,0,None,00:00.0000,0,0,0,0
00:03.9150,3.915147,-2.251356,-0.153707,-2.333245,0.555378,0,0,None,00:00.0000,0,0,0,0
00:03.9290,3.92928,-2.197107,-0.5877033,-2.292301,0.2008355,0,0,None,00:00.0000,0,0,0,0
00:03.9430,3.943128,-2.179024,-0.949367,-2.253745,-0.0849348,0,0,None,00:00.0000,0,0,0,0
00:03.9570,3.957252,-2.16094,-1.36528,-2.197704,-0.6835302,0,0,None,00:00.0000,0,0,0,0
00:03.9710,3.971102,-2.16094,-1.76311,-2.179322,-0.9249476,0,0,None,00:00.0000,0,0,0,0
00:03.9840,3.98434,-2.16094,-1.943942,-2.165536,-1.49932,0,0,None,00:00.0000,0,0,0,0
00:03.9970,3.997094,-2.16094,-2.088608,-2.163238,-1.721631,0,0,None,00:00.0000,0,0,0,0
00:04.0060,4.0063,-2.16094,-2.377939,-2.162089,-1.905119,0,0,None,00:00.0000,0,0,0,0
00:04.0220,4.022196,-2.16094,-2.504521,-2.161515,-2.078238,0,0,None,00:00.0000,0,0,0,0
00:04.0360,4.036132,-2.16094,-2.757685,-2.161084,-2.429596,0,0,None,00:00.0000,0,0,0,0
00:04.0480,4.048362,-2.142857,-3.01085,-2.161012,-2.59364,0,0,None,00:00.0000,0,0,0,0
00:04.0630,4.063075,-2.142857,-3.119349,-2.160976,-2.738954,0,0,None,00:00.0000,0,0,0,0
00:04.0720,4.072001,-2.106691,-3.336347,-2.147387,-2.997126,0,0,None,00:00.0000,0,0,0,0
00:04.0880,4.088407,-2.070524,-3.499096,-2.127039,-3.166737,0,0,None,00:00.0000,0,0,0,0
00:04.0960,4.096449,-2.052441,-3.589512,-2.107823,-3.29675,0,0,None,00:00.0000,0,0,0,0
00:04.1130,4.113469,-2.016275,-3.734177,-2.070807,-3.493717,0,0,None,00:00.0000,0,0,0,0
00:04.1270,4.127117,-2.016275,-3.80651,-2.043541,-3.613947,0,0,None,00:00.0000,0,0,0,0
00:04.1400,4.140268,-2.016275,-3.896926,-2.029908,-3.710229,0,0,None,00:00.0000,0,0,0,0
00:04.1540,4.153808,-1.998192,-4.005425,-2.019683,-3.84121,0,0,None,00:00.0000,0,0,0,0
00:04.1670,4.167375,-1.998192,-4.077758,-2.008938,-3.923317,0,0,None,00:00.0000,0,0,0,0
00:04.1810,4.181294,-1.998192,-4.113924,-2.003565,-3.982454,0,0,None,00:00.0000,0,0,0,0
00:04.1940,4.194039,-1.980108,-4.168174,-1.999535,-4.072015,0,0,None,00:00.0000,0,0,0,0
00:04.1990,4.198631,-1.980108,-4.20434,-1.998863,-4.102011,0,0,None,00:00.0000,0,0,0,0
00:04.2160,4.215825,-1.962025,-4.276672,-1.989486,-4.153175,0,0,None,00:00.0000,0,0,0,0
00:04.2300,4.230049,-1.962025,-4.294756,-1.975755,-4.196841,0,0,None,00:00.0000,0,0,0,0
00:04.2440,4.244437,-1.943942,-4.330922,-1.965458,-4.274797,0,0,None,00:00.0000,0,0,0,0
00:04.2580,4.257594,-1.925859,-4.330922,-1.9547,-4.30286,0,0,None,00:00.0000,0,0,0,0
00:04.2710,4.270599,-1.907776,-4.349006,-1.949321,-4.316891,0,0,None,00:00.0000,0,0,0,0
00:04.2840,4.283981,-1.871609,-4.367089,-1.922683,-4.336456,0,0,None,00:00.0000,0,0,0,0
00:04.2980,4.29775,-1.835443,-4.385172,-1.897146,-4.351772,0,0,None,00:00.0000,0,0,0,0
00:04.3140,4.313647,-1.81736,-4.421338,-1.884378,-4.35943,0,0,None,00:00.0000,0,0,0,0
00:04.3230,4.323418,-1.76311,-4.475588,-1.838635,-4.39682,0,0,None,00:00.0000,0,0,0,0
00:04.3370,4.337493,-1.745027,-4.493671,-1.818956,-4.427162,0,0,None,00:00.0000,0,0,0,0
00:04.3520,4.351954,-1.636528,-4.529838,-1.781992,-4.460417,0,0,None,00:00.0000,0,0,0,0
00:04.3570,4.35704,-1.636528,-4.529838,-1.736385,-4.486085,0,0,triggerEnter,00:00.0000,0,-1.486385,-4.486085,4
00:04.3660,4.366021,-1.546112,-4.547921,-1.686456,-4.507961,0,0,None,00:00.0000,0,0,0,0
00:04.3790,4.378644,-1.401447,-4.547921,-1.616284,-4.527941,0,0,None,00:00.0000,0,0,0,0
00:04.3930,4.392541,-1.256781,-4.547921,-1.554073,-4.53793,0,0,None,00:00.0000,0,0,0,0
00:04.4060,4.405911,-1.094033,-4.511754,-1.353708,-4.542926,-1.450635,-4.791462,gateEnter,00:00.0000,0,0,0,4
00:04.4060,4.405911,-1.094033,-4.511754,-1.353708,-4.542926,0,0,None,00:00.0000,0,0,0,0
00:04.4180,4.41831,-0.9312838,-4.475588,-1.260037,-4.536382,0,0,None,00:00.0000,0,0,0,0
00:04.4280,4.427763,-0.7685354,-4.439421,-1.140868,-4.515026,-1.246424,-4.79066,gateExit,00:00.0220,0.02185106,0,0,4
00:04.4330,4.432683,-0.7685354,-4.439421,-1.140868,-4.515026,0,0,None,00:00.0000,0,0,0,0
00:04.4470,4.447357,-0.2622059,-4.330922,-0.9023057,-4.467364,0,0,None,00:00.0000,0,0,0,0
00:04.4740,4.473846,0.02712473,-4.276672,-0.4719596,-4.374074,0,0,None,00:00.0000,0,0,0,0
00:04.4870,4.487406,0.1898731,-4.186257,-0.4048438,-4.325374,-0.1525,-4.359055,gateEnter,00:00.0000,0,0,0,5
00:04.4870,4.487406,0.1898731,-4.186257,-0.4048438,-4.325374,0,0,None,00:00.0000,0,0,0,0
00:04.4970,4.496822,0.207957,-4.132008,-0.404875,-4.28294,0,0,None,00:00.0000,0,0,0,0
00:04.5060,4.506491,0.2260398,-4.059674,-0.4049,-4.234598,0,0,None,00:00.0000,0,0,0,0
00:04.5190,4.51897,0.2260398,-3.915009,-0.40492,-4.183303,0,0,None,00:00.0000,0,0,0,0
00:04.5330,4.5331,0.1717903,-3.553345,-0.4049488,-3.995645,0,0,None,00:00.0000,0,0,0,0
00:04.5520,4.551659,0.00904193,-2.974684,-0.4049591,-3.774495,0,0,None,00:00.0000,0,0,0,0
00:04.5670,4.566884,-0.1898736,-2.197107,-0.4049738,-3.25149,0,0,None,00:00.0000,0,0,0,0
00:04.5820,4.581568,-0.2802892,-1.835443,-0.4049791,-2.914172,0,0,None,00:00.0000,0,0,0,0
00:04.5960,4.596056,-0.3887887,-1.256781,-0.4049866,-2.041834,0,0,None,00:00.0000,0,0,0,0
00:04.6010,4.600995,-0.4792043,-0.750452,-0.4049893,-1.784931,0,0,None,00:00.0000,0,0,0,0
00:04.6220,4.621568,-0.5153709,-0.4972875,-0.4049914,-1.520856,0,0,None,00:00.0000,0,0,0,0
00:04.6360,4.63617,-0.5696204,0.02712488,-0.4877758,-0.6989302,-0.16,-0.6989305,gateExit,00:00.1490,0.1487641,0,0,5
00:04.6360,4.63617,-0.5696204,0.02712488,-0.4877758,-0.6989302,0,0,None,00:00.0000,0,0,0,0
00:04.6490,4.649082,-0.6962026,0.6600362,-0.5286981,-0.3359027,0,0,None,00:00.0000,0,0,0,0
00:04.6630,4.663318,-0.858951,1.202531,-0.5762839,-0.0006819367,0,0,None,00:00.0000,0,0,0,0
00:04.6770,4.676864,-0.9312838,1.437613,-0.770201,0.8384371,0,0,None,00:00.0000,0,0,0,0
00:04.6900,4.689554,-0.9855332,1.672695,-0.8507424,1.138025,0,0,None,00:00.0000,0,0,0,0
00:04.7030,4.70321,-1.003617,1.835443,-0.9181378,1.378235,0,0,None,00:00.0000,0,0,0,0
00:04.7170,4.71683,-1.003617,1.943942,-0.977726,1.680454,0,0,None,00:00.0000,0,0,0,0
00:04.7290,4.728927,-1.003617,2.142857,-0.9906713,1.757948,0,0,None,00:00.0000,0,0,0,0
00:04.7350,4.734995,-1.003617,2.305606,-0.9906713,1.905195,-1.240336,1.757948,gateEnter,00:00.0000,0,0,0,4
00:04.7350,4.734995,-1.003617,2.305606,-0.9906713,1.905195,0,0,None,00:00.0000,0,0,0,0
00:04.7550,4.755011,-1.003617,2.55877,-0.9906713,2.110566,0,0,None,00:00.0000,0,0,0,0
00:04.7650,4.765259,-1.003617,2.685353,-0.9906713,2.271377,0,0,None,00:00.0000,0,0,0,0
00:04.7840,4.783737,-1.003617,2.920434,-0.9906713,2.550213,0,0,None,00:00.0000,0,0,0,0
00:04.7980,4.798439,-1.003617,2.9566,-0.9906713,2.708199,0,0,None,00:00.0000,0,0,0,0
00:04.8130,4.813041,-0.9855332,3.028933,-0.9906713,2.885458,0,0,None,00:00.0000,0,0,0,0
00:04.8280,4.828402,-0.9855332,3.0651,-0.9906713,2.921029,0,0,None,00:00.0000,0,0,0,0
00:04.8400,4.839851,-0.9312838,3.137432,-0.9881023,2.974981,0,0,None,00:00.0000,0,0,0,0
00:04.8450,4.84532,-0.9132004,3.173599,-0.9777763,3.029082,-1.24,3.029082,gateExit,00:00.1100,0.1103253,0,0,4
00:04.8540,4.853727,-0.8770343,3.191681,-0.9545301,3.083257,0,0,None,00:00.0000,0,0,0,0
00:04.8660,4.866309,-0.8408682,3.227848,-0.9157822,3.137469,0,0,None,00:00.0000,0,0,0,0
00:04.8760,4.87627,-0.8227848,3.245931,-0.8873666,3.173617,0,0,None,00:00.0000,0,0,0,0
00:04.8870,4.886699,-0.8047016,3.264015,-0.8641174,3.200732,0,0,None,00:00.0000,0,0,0,0
00:04.8970,4.896855,-0.7685354,3.282098,-0.8344095,3.232374,0,0,None,00:00.0000,0,0,0,0
00:04.9080,4.908319,-0.7323688,3.318264,-0.8195555,3.248194,0,0,None,00:00.0000,0,0,0,0
00:04.9180,4.918237,-0.6962026,3.390596,-0.7940454,3.265146,0,0,None,00:00.0000,0,0,0,0
00:04.9340,4.934103,-0.6781193,3.444846,-0.7297049,3.341151,0,0,None,00:00.0000,0,0,0,0
00:04.9480,4.947647,-0.660036,3.553345,-0.7039121,3.392998,0,0,None,00:00.0000,0,0,0,0
00:04.9610,4.961127,-0.6419532,3.679928,-0.6819741,3.473172,0,0,None,00:00.0000,0,0,0,0
00:04.9750,4.975373,-0.6238698,3.770344,-0.6519583,3.614676,0,0,None,00:00.0000,0,0,0,0
00:04.9890,4.988611,-0.5877032,3.878843,-0.6379141,3.69251,0,0,None,00:00.0000,0,0,0,0
00:05.0020,5.002464,-0.5696204,3.933092,-0.6218503,3.758552,0,0,None,00:00.0000,0,0,0,0
00:05.0120,5.011667,-0.5334537,4.059675,-0.5871986,3.875895,0,0,None,00:00.0000,0,0,0,0
00:05.0280,5.027544,-0.5153709,4.15009,-0.5603261,3.967785,0,0,None,00:00.0000,0,0,0,0
00:05.0410,5.040982,-0.4792043,4.276672,-0.5378485,4.058938,0,0,None,00:00.0000,0,0,0,0
00:05.0540,5.054327,-0.4430381,4.385171,-0.4983861,4.204155,0,0,None,00:00.0000,0,0,0,0
00:05.0690,5.069057,-0.4068715,4.439421,-0.4797536,4.267539,0,0,None,00:00.0000,0,0,0,0
00:05.0830,5.08277,-0.3164559,4.54792,-0.4613959,4.326355,0,0,None,00:00.0000,0,0,0,0
00:05.0960,5.096379,-0.2622059,4.620254,-0.3617324,4.478967,0,0,None,00:00.0000,0,0,0,0
00:05.1070,5.107394,-0.2441231,4.674502,-0.3210108,4.540568,0,0,triggerEnter,00:00.0000,0,-0.07101083,4.540568,5
00:05.1070,5.107394,-0.2441231,4.674502,-0.3210108,4.540568,0,0,None,00:00.0000,0,0,0,0
00:05.1170,5.116541,-0.2260398,4.710669,-0.2900654,4.587098,-0.1513742,4.797911,gateEnter,00:00.0000,0,0,0,5
00:05.1210,5.12116,-0.2260398,4.710669,-0.2900654,4.587098,0,0,None,00:00.0000,0,0,0,0
00:05.1370,5.136912,-0.2079564,4.746835,-0.2972299,4.59184,0,0,None,00:00.0000,0,0,0,0
00:05.1490,5.149358,-0.2079564,4.746835,-0.2997549,4.593617,0,0,None,00:00.0000,0,0,0,0
00:05.1620,5.162292,-0.2079564,4.746835,-0.3018058,4.595103,0,0,None,00:00.0000,0,0,0,0
00:05.1760,5.176339,-0.2079564,4.746835,-0.3048352,4.597365,0,0,None,00:00.0000,0,0,0,0
00:05.1890,5.189201,-0.2079564,4.746835,-0.3059449,4.598213,0,0,None,00:00.0000,0,0,0,0
00:05.2030,5.202964,-0.153707,4.746835,-0.3068513,4.598913,0,0,None,00:00.0000,0,0,0,0
00:05.2120,5.21216,-0.06329139,4.746835,-0.3104135,4.601631,0,0,None,00:00.0000,0,0,0,0
00:05.2430,5.242849,0.02712473,4.746835,-0.287604,4.583186,0,0,None,00:00.0000,0,0,0,0
00:05.2570,5.256651,0.06329139,4.746835,-0.1595252,4.538677,0,0,None,00:00.0000,0,0,0,0
00:05.2700,5.27005,0.1175408,4.728752,-0.06620026,4.545603,0,0,None,00:00.0000,0,0,0,0
00:05.2850,5.284649,0.1898731,4.674502,0.07612653,4.545386,0,0,None,00:00.0000,0,0,0,0
00:05.2980,5.297783,0.2441226,4.638336,0.1329998,4.545309,0,0,None,00:00.0000,0,0,0,0
00:05.3110,5.311467,0.2802892,4.584086,0.1704784,4.545247,0,0,None,00:00.0000,0,0,0,0
00:05.3230,5.323252,0.3345387,4.529838,0.2446497,4.563717,0,0,None,00:00.0000,0,0,0,0
00:05.3370,5.336969,0.3526225,4.511754,0.2895942,4.546777,0,0,None,00:00.0000,0,0,0,0
00:05.3460,5.34615,0.3707053,4.475588,0.3211084,4.529265,0.1553426,4.791546,gateExit,00:00.2300,0.229609,0,0,5
00:05.3500,5.350134,0.3887881,4.457505,0.3211084,4.529265,0,0,None,00:00.0000,0,0,0,0
00:05.3650,5.36495,0.4611215,4.349005,0.3673475,4.479966,0,0,None,00:00.0000,0,0,0,0
00:05.3780,5.377896,0.4972871,4.294756,0.3961511,4.44161,0,0,None,00:00.0000,0,0,0,0
00:05.3920,5.392106,0.6600365,4.132008,0.4286363,4.395308,0,0,None,00:00.0000,0,0,0,0
00:05.4060,5.40597,0.8770343,3.951175,0.5841031,4.211395,0,0,None,00:00.0000,0,0,0,0
00:05.4220,5.422364,1.003617,3.842676,0.6672773,4.135535,0,0,None,00:00.0000,0,0,0,0
00:05.4320,5.431896,1.292947,3.535262,0.7721558,4.043355,0,0,None,00:00.0000,0,0,0,0
00:05.4460,5.445614,1.437613,3.35443,0.9951562,3.698452,1.2475,3.825605,gateEnter,00:00.0000,0,0,0,6
00:05.4460,5.445614,1.437613,3.35443,0.9951562,3.698452,0,0,None,00:00.0000,0,0,0,0
00:05.4560,5.456176,1.636528,2.974684,0.995125,3.436025,0,0,None,00:00.0000,0,0,0,0
00:05.4700,5.46967,1.726944,2.61302,0.9951,3.205355,0,0,None,00:00.0000,0,0,0,0
00:05.4840,5.483952,1.726944,2.414105,0.995064,2.806312,0,0,None,00:00.0000,0,0,0,0
00:05.4970,5.496797,1.636528,1.907776,0.9950512,2.610208,0,0,None,00:00.0000,0,0,0,0
00:05.5110,5.510718,1.473779,1.329114,0.995041,2.403657,0,0,None,00:00.0000,0,0,0,0
00:05.5160,5.516154,1.401446,1.039783,0.9950328,2.029134,0,0,None,00:00.0000,0,0,0,0
00:05.5360,5.535824,1.311031,0.3707051,0.995021,1.359453,0,0,None,00:00.0000,0,0,0,0
00:05.5450,5.545235,1.311031,0.02712488,0.9950168,1.03687,0,0,None,00:00.0000,0,0,0,0
00:05.5620,5.562458,1.329114,-0.6057867,0.9950135,0.7037874,0,0,None,00:00.0000,0,0,0,0
00:05.5770,5.577064,1.347197,-1.057866,0.9950086,-0.1970188,0,0,None,00:00.0000,0,0,0,0
00:05.5910,5.591027,1.347197,-1.455696,0.9950069,-0.6274425,0,0,None,00:00.0000,0,0,0,0
00:05.6050,5.604892,1.347197,-1.636528,0.9950044,-1.203425,0,0,None,00:00.0000,0,0,0,0
00:05.6160,5.615625,1.347197,-1.943942,0.9950035,-1.419976,0,0,None,00:00.0000,0,0,0,0
00:05.6290,5.629113,1.311031,-2.088608,0.9950028,-1.609627,0,0,None,00:00.0000,0,0,0,0
00:05.6430,5.642565,1.238698,-2.341772,0.9950023,-1.776784,0,0,None,00:00.0000,0,0,0,0
00:05.6560,5.656265,1.148282,-2.594936,0.9950014,-2.16888,0,0,None,00:00.0000,0,0,0,0
00:05.6700,5.670437,1.112116,-2.721519,0.9950011,-2.327659,0,0,None,00:00.0000,0,0,0,0
00:05.6840,5.684265,1.057867,-2.992767,0.9950007,-2.654699,0,0,None,00:00.0000,0,0,0,0
00:05.6970,5.696981,1.039783,-3.227848,0.9950006,-2.823733,0,0,None,00:00.0000,0,0,0,0
00:05.7070,5.707005,1.039783,-3.35443,0.9950005,-2.971541,0,0,None,00:00.0000,0,0,0,0
00:05.7210,5.720974,1.039783,-3.589512,0.9950004,-3.162986,0,0,None,00:00.0000,0,0,0,0
00:05.7310,5.731233,1.039783,-3.698011,0.9950003,-3.321999,0,0,None,00:00.0000,0,0,0,0
00:05.7450,5.744685,1.039783,-3.969259,0.9950002,-3.576883,0,0,None,00:00.0000,0,0,0,0
00:05.7580,5.758465,1.039783,-4.077758,0.9950001,-3.70978,0,0,None,00:00.0000,0,0,0,0
00:05.7720,5.771894,1.039783,-4.367089,0.9950001,-3.893769,0,0,None,00:00.0000,0,0,0,0
00:05.7860,5.785616,1.039783,-4.403255,0.9967125,-4.235464,0,0,None,00:00.0000,0,0,0,0
00:05.7940,5.794418,1.039783,-4.421338,1.018248,-4.31936,1.242737,-4.106874,gateExit,00:00.3490,0.3488035,0,0,6
00:05.7980,5.798478,1.039783,-4.421338,1.018248,-4.31936,0,0,None,00:00.0000,0,0,0,0
00:05.8120,5.812294,1.039783,-4.421338,1.029015,-4.361307,0,0,None,00:00.0000,0,0,0,0
00:05.8230,5.823379,1.039783,-4.421338,1.037091,-4.392768,0,0,None,00:00.0000,0,0,0,0
00:05.8370,5.837012,1.057867,-4.421338,1.038437,-4.407053,0,0,None,00:00.0000,0,0,0,0
00:05.8500,5.849825,1.057867,-4.421338,1.03911,-4.414196,0,0,None,00:00.0000,0,0,0,0
00:05.8640,5.863528,1.057867,-4.439421,1.039615,-4.419552,0,0,None,00:00.0000,0,0,0,0
00:05.8760,5.876326,1.057867,-4.439421,1.048741,-4.420445,0,0,triggerEnter,00:00.0000,0,1.298741,-4.420445,6
00:05.8760,5.876326,1.057867,-4.439421,1.048741,-4.420445,0,0,None,00:00.0000,0,0,0,0
00:05.8890,5.889321,1.094032,-4.439421,1.053304,-4.420892,0,0,None,00:00.0000,0,0,0,0
00:05.9020,5.902311,1.148282,-4.439421,1.055585,-4.430157,0,0,None,00:00.0000,0,0,0,0
00:05.9170,5.916972,1.220615,-4.421338,1.111545,-4.437105,0,0,None,00:00.0000,0,0,0,0
00:05.9260,5.925959,1.238698,-4.403255,1.147997,-4.429222,0,0,None,00:00.0000,0,0,0,0
00:05.9380,5.938356,1.256782,-4.403255,1.184306,-4.42528,0,0,None,00:00.0000,0,0,0,0
00:05.9510,5.951385,1.329114,-4.403255,1.234142,-4.408761,0,0,None,00:00.0000,0,0,0,0
00:05.9690,5.968623,1.401446,-4.403255,1.281628,-4.406008,0,0,None,00:00.0000,0,0,0,0
00:05.9740,5.974223,1.491862,-4.403255,1.314412,-4.404632,0,0,None,00:00.0000,0,0,0,0
00:05.9980,5.998246,1.546112,-4.421338,1.376013,-4.403943,0,0,None,00:00.0000,0,0,0,0
00:06.0110,6.011228,1.654612,-4.457504,1.503587,-4.416989,0,0,None,00:00.0000,0,0,0,0
00:06.0330,6.032525,1.726944,-4.475588,1.542933,-4.419164,0,0,None,00:00.0000,0,0,0,0
00:06.0460,6.046478,1.781193,-4.493671,1.6719,-4.461482,0,0,None,00:00.0000,0,0,0,0
00:06.0560,6.05594,1.799276,-4.493671,1.717505,-4.477576,0,0,None,00:00.0000,0,0,0,0
00:06.0700,6.070291,1.81736,-4.493671,1.749349,-4.485623,0,0,None,00:00.0000,0,0,0,0
00:06.0790,6.079036,1.853527,-4.457504,1.774313,-4.489647,0,0,None,00:00.0000,0,0,0,0
00:06.0940,6.093502,1.871609,-4.439421,1.804878,-4.482617,0,0,None,00:00.0000,0,0,0,0
00:06.1020,6.102269,1.943942,-4.294756,1.829202,-4.470061,0,0,None,00:00.0000,0,0,0,0
00:06.1170,6.117343,1.962026,-4.258589,1.897174,-4.374748,0,0,None,00:00.0000,0,0,0,0
00:06.1260,6.126363,2.034358,-4.077758,1.9296,-4.316669,0,0,None,00:00.0000,0,0,0,0
00:06.1420,6.141591,2.088607,-3.951175,1.954854,-4.251463,0,0,None,00:00.0000,0,0,0,0
00:06.1550,6.155075,2.233273,-3.481013,2.041607,-4.057893,0,0,None,00:00.0000,0,0,0,0
00:06.1680,6.168276,2.287522,-2.793851,2.13744,-3.769453,0,0,None,00:00.0000,0,0,0,0
00:06.1820,6.181788,2.287522,-2.359855,2.20344,-3.462484,0,0,None,00:00.0000,0,0,0,0
00:06.1950,6.195076,2.21519,-1.437613,2.266502,-2.744011,0,0,None,00:00.0000,0,0,0,0
00:06.2090,6.208818,2.034358,-0.551537,2.240846,-2.090812,0,0,None,00:00.0000,0,0,0,0
00:06.2180,6.21785,1.943942,-0.1356238,2.191851,-1.547215,0,0,None,00:00.0000,0,0,0,0
00:06.2300,6.230128,1.763111,0.6057864,2.113105,-1.049376,0,0,None,00:00.0000,0,0,0,0
00:06.2410,6.24065,1.690777,0.8951175,1.983316,-0.4026265,0,0,None,00:00.0000,0,0,0,0
00:06.2550,6.254776,1.582278,1.437613,1.804375,0.4983487,1.5525,0.4417827,gateEnter,00:00.0000,0,0,0,6
00:06.2550,6.254776,1.582278,1.437613,1.804375,0.4983487,0,0,None,00:00.0000,0,0,0,0
00:06.2670,6.266723,1.564196,1.654611,1.8045,0.9679807,0,0,None,00:00.0000,0,0,0,0
00:06.2790,6.27888,1.582278,2.016275,1.80468,1.428704,0,0,None,00:00.0000,0,0,0,0
00:06.2960,6.296102,1.636528,2.287523,1.804744,1.722489,0,0,None,00:00.0000,0,0,0,0
00:06.3050,6.305037,1.672694,2.414105,1.804795,1.941715,0,0,None,00:00.0000,0,0,0,0
00:06.3200,6.319775,1.781193,2.685353,1.804836,2.17791,0,0,None,00:00.0000,0,0,0,0
00:06.3290,6.32869,1.853527,2.830018,1.804869,2.36834,0,0,None,00:00.0000,0,0,0,0
00:06.3450,6.344604,2.034358,3.101266,1.829211,2.678432,0,0,None,00:00.0000,0,0,0,0
00:06.3540,6.354436,2.233273,3.336347,1.886576,2.826558,1.56,2.826558,gateExit,00:00.1000,0.09965992,0,0,6
00:06.3590,6.359089,2.269439,3.390596,1.960467,2.963912,0,0,None,00:00.0000,0,0,0,0
00:06.3780,6.377819,2.323689,3.444846,2.114953,3.177254,0,0,None,00:00.0000,0,0,0,0
00:06.3910,6.390681,2.377939,3.517179,2.219321,3.31105,0,0,None,00:00.0000,0,0,0,0
00:06.4040,6.404412,2.396021,3.553345,2.333764,3.456605,0,0,None,00:00.0000,0,0,0,0
00:06.4170,6.417168,2.432188,3.661845,2.364892,3.504975,0,0,None,00:00.0000,0,0,0,0
00:06.4300,6.429566,2.468355,3.75226,2.389499,3.556285,0,0,None,00:00.0000,0,0,0,0
00:06.4340,6.433988,2.486437,3.80651,2.395625,3.609065,2.6475,3.594615,gateEnter,00:00.0000,0,0,0,7
00:06.4390,6.438554,2.504521,3.824594,2.395625,3.609065,0,0,None,00:00.0000,0,0,0,0
00:06.4540,6.454159,2.504521,3.842676,2.3954,3.766191,0,0,None,00:00.0000,0,0,0,0
00:06.4680,6.46794,2.522604,3.842676,2.39532,3.804433,0,0,None,00:00.0000,0,0,0,0
00:06.4810,6.481202,2.522604,3.842676,2.395256,3.823555,0,0,None,00:00.0000,0,0,0,0
00:06.4950,6.495227,2.522604,3.842676,2.395164,3.837896,0,0,None,00:00.0000,0,0,0,0
00:06.5090,6.509086,2.522604,3.933092,2.395131,3.840286,0,0,None,00:00.0000,0,0,0,0
00:06.5210,6.521382,2.504521,3.987341,2.395105,3.859564,0,0,None,00:00.0000,0,0,0,0
00:06.5360,6.53565,2.450271,4.077758,2.395067,3.941835,0,0,None,00:00.0000,0,0,0,0
00:06.5510,6.550535,2.414105,4.132008,2.395054,3.991713,0,0,None,00:00.0000,0,0,0,0
00:06.5600,6.560486,2.414105,4.15009,2.395034,4.07433,0,0,None,00:00.0000,0,0,0,0
00:06.5750,6.574626,2.396021,4.186256,2.395027,4.11221,0,0,None,00:00.0000,0,0,0,0
00:06.5850,6.584977,2.396021,4.20434,2.395525,4.149233,0,0,None,00:00.0000,0,0,0,0
00:06.6020,6.60153,2.396021,4.222424,2.395773,4.167745,0,0,None,00:00.0000,0,0,0,0
00:06.6060,6.606128,2.396021,4.240506,2.395897,4.186042,2.640528,4.103207,gateExit,00:00.1720,0.1721396,0,0,7
00:06.6110,6.611441,2.396021,4.25859,2.395897,4.186042,0,0,None,00:00.0000,0,0,0,0
00:06.6220,6.621547,2.396021,4.294756,2.39599,4.22689,0,0,None,00:00.0000,0,0,0,0
00:06.6340,6.634226,2.396021,4.330922,2.396006,4.24274,0,0,None,00:00.0000,0,0,0,0
00:06.6480,6.648295,2.377939,4.349005,2.396014,4.286831,0,0,None,00:00.0000,0,0,0,0
00:06.6610,6.660573,2.377939,4.349005,2.396018,4.308877,0,0,None,00:00.0000,0,0,0,0
00:06.6740,6.673717,2.377939,4.349005,2.396019,4.3199,0,0,None,00:00.0000,0,0,0,0
00:06.6860,6.685817,2.377939,4.349005,2.396021,4.328166,0,0,None,00:00.0000,0,0,0,0
00:06.6980,6.698411,2.377939,4.349005,2.396021,4.329544,0,0,None,00:00.0000,0,0,0,0
00:06.7120,6.712241,2.396021,4.330922,2.396021,4.330233,0,0,None,00:00.0000,0,0,0,0
00:06.7250,6.725434,2.414105,4.312839,2.391501,4.335271,0,0,None,00:00.0000,0,0,0,0
00:06.7360,6.735664,2.432188,4.312839,2.393761,4.333097,0,0,None,00:00.0000,0,0,0,0
00:06.7490,6.749207,2.432188,4.330922,2.403933,4.322968,0,0,None,00:00.0000,0,0,0,0
00:06.7580,6.758212,2.450271,4.367089,2.418061,4.317904,0,0,None,00:00.0000,0,0,0,0
00:06.7720,6.772485,2.486437,4.385171,2.434165,4.333454,0,0,None,00:00.0000,0,0,0,0
00:06.7770,6.776815,2.504521,4.385171,2.442218,4.350271,0,0,triggerEnter,00:00.0000,0,2.692218,4.350271,7
00:06.7820,6.782345,2.558771,4.385171,2.464328,4.367722,0,0,None,00:00.0000,0,0,0,0
00:06.7970,6.796822,2.61302,4.349005,2.511549,4.376447,0,0,None,00:00.0000,0,0,0,0
00:06.8100,6.810328,2.757686,4.312839,2.562285,4.362726,0,0,None,00:00.0000,0,0,0,0
00:06.8240,6.824286,2.938517,4.25859,2.688082,4.355007,2.649567,4.104082,gateEnter,00:00.0000,0,0,0,7
00:06.8240,6.824286,2.938517,4.25859,2.688082,4.355007,0,0,None,00:00.0000,0,0,0,0
00:06.8370,6.836891,2.992766,4.25859,2.813299,4.355007,0,0,None,00:00.0000,0,0,0,0
00:06.8460,6.846468,3.083183,4.25859,2.903033,4.355007,0,0,None,00:00.0000,0,0,0,0
00:06.8620,6.861635,3.101265,4.25859,2.975024,4.355007,0,0,None,00:00.0000,0,0,0,0
00:06.8760,6.875915,3.137432,4.25859,3.075724,4.322025,0,0,None,00:00.0000,0,0,0,0
00:06.8860,6.886096,3.227848,4.186256,3.114269,4.299814,0,0,None,00:00.0000,0,0,0,0
00:06.9130,6.913059,3.390596,4.023509,3.156348,4.265221,0,0,None,00:00.0000,0,0,0,0
00:06.9180,6.917925,3.390596,4.023509,3.228264,4.189572,2.959519,4.103064,gateExit,00:00.0940,0.09363937,0,0,7
00:06.9220,6.921988,3.481013,3.933092,3.264222,4.151748,0,0,None,00:00.0000,0,0,0,0
00:06.9390,6.938753,3.607595,3.788426,3.372617,4.04242,0,0,None,00:00.0000,0,0,0,0
00:06.9520,6.952243,3.679928,3.661845,3.490106,3.915423,0,0,None,00:00.0000,0,0,0,0
00:06.9660,6.966098,3.69801,3.589511,3.627952,3.734281,0,0,None,00:00.0000,0,0,0,0
00:06.9800,6.980183,3.69801,3.535262,3.662981,3.679979,0,0,None,00:00.0000,0,0,0,0
00:06.9950,6.994721,3.69801,3.40868,3.689253,3.585004,0,0,None,00:00.0000,0,0,0,0
00:07.0090,7.008799,3.69801,3.227848,3.693632,3.496842,0,0,None,00:00.0000,0,0,0,0
00:07.0200,7.01971,3.679928,3.083183,3.695821,3.416595,0,0,None,00:00.0000,0,0,0,0
00:07.0340,7.033507,3.643761,2.703436,3.688422,3.202702,0,0,None,00:00.0000,0,0,0,0
00:07.0480,7.047882,3.607595,2.197106,3.65705,2.826487,0,0,None,00:00.0000,0,0,0,0
00:07.0610,7.061364,3.571429,1.546112,3.632323,2.511796,0,0,None,00:00.0000,0,0,0,0
00:07.0750,7.074644,3.535262,1.202531,3.591173,1.864387,0,0,None,00:00.0000,0,0,0,0
00:07.0880,7.088219,3.481013,0.5877036,3.563218,1.533459,0,0,None,00:00.0000,0,0,0,0
00:07.1010,7.101189,3.444846,0.2441227,3.531157,1.22333,0,0,None,00:00.0000,0,0,0,0
00:07.1150,7.114522,3.40868,-0.3707051,3.475465,0.5748198,0,0,None,00:00.0000,0,0,0,0
00:07.1240,7.12423,3.40868,-0.6600362,3.442073,0.1020574,0,0,None,00:00.0000,0,0,0,0
00:07.1360,7.135938,3.426763,-1.238698,3.425377,-0.2789894,0,0,None,00:00.0000,0,0,0,0
00:07.1500,7.150013,3.444846,-1.509946,3.417028,-0.6051366,0,0,None,00:00.0000,0,0,0,0
00:07.1640,7.164041,3.444846,-2.251356,3.433371,-1.342514,0,0,None,00:00.0000,0,0,0,0
00:07.1790,7.178679,3.444846,-2.486438,3.439108,-1.679394,0,0,None,00:00.0000,0,0,0,0
00:07.1920,7.19236,3.444846,-2.938517,3.441977,-2.082916,0,0,None,00:00.0000,0,0,0,0
00:07.2060,7.206352,3.444846,-3.137432,3.444129,-2.670367,0,0,None,00:00.0000,0,0,0,0
00:07.2150,7.214993,3.426763,-3.462929,3.444487,-2.9039,0,0,None,00:00.0000,0,0,0,0
00:07.2310,7.230978,3.426763,-3.80651,3.444666,-3.111082,0,0,None,00:00.0000,0,0,0,0
00:07.2450,7.244687,3.426763,-3.915009,3.431239,-3.591966,0,0,None,00:00.0000,0,0,0,0
00:07.2570,7.257298,3.426763,-4.077758,3.429001,-3.753487,0,0,None,00:00.0000,0,0,0,0
00:07.2710,7.271007,3.444846,-4.168174,3.427882,-3.888498,0,0,None,00:00.0000,0,0,0,0
00:07.2860,7.286336,3.444846,-4.186257,3.440605,-4.089213,0,0,None,00:00.0000,0,0,0,0
00:07.3000,7.299608,3.499095,-4.312839,3.442725,-4.137735,0,0,None,00:00.0000,0,0,0,0
00:07.3130,7.313109,3.535262,-4.349006,3.461869,-4.198162,0,0,None,00:00.0000,0,0,0,0
00:07.3260,7.325921,3.571429,-4.421338,3.507872,-4.302253,0,0,None,00:00.0000,0,0,0,0
00:07.3430,7.342689,3.571429,-4.439421,3.530609,-4.343713,0,0,None,00:00.0000,0,0,0,0
00:07.3520,7.352266,3.607595,-4.457504,3.551019,-4.382525,0,0,None,00:00.0000,0,0,0,0
00:07.3660,7.365983,3.607595,-4.457504,3.579888,-4.425198,0,0,None,00:00.0000,0,0,0,0
00:07.3800,7.379783,3.607595,-4.457504,3.5847,-4.432309,0,0,None,00:00.0000,0,0,0,0
00:07.3920,7.392325,3.607595,-4.457504,3.587106,-4.435865,0,0,None,00:00.0000,0,0,0,0
00:07.4050,7.405303,3.625678,-4.475588,3.597952,-4.447574,0,0,None,00:00.0000,0,0,0,0
00:07.4140,7.413919,3.661845,-4.493671,3.611815,-4.461581,0,0,None,00:00.0000,0,0,0,0
00:07.4290,7.428555,3.679928,-4.511754,3.627788,-4.477626,0,0,None,00:00.0000,0,0,0,0
00:07.4390,7.439204,3.716094,-4.529838,3.644816,-4.485648,0,0,None,00:00.0000,0,0,0,0
00:07.4520,7.452248,3.734177,-4.529838,3.671413,-4.498701,0,0,None,00:00.0000,0,0,0,0
00:07.4660,7.465591,3.770344,-4.529838,3.713965,-4.522054,0,0,None,00:00.0000,0,0,0,0
00:07.4780,7.478496,3.842676,-4.493671,3.724071,-4.525946,0,0,None,00:00.0000,0,0,0,0
00:07.4880,7.487684,3.86076,-4.493671,3.765291,-4.51885,0,0,None,00:00.0000,0,0,0,0
00:07.5020,7.502089,3.896925,-4.493671,3.803983,-4.50626,0,0,None,00:00.0000,0,0,0,0
00:07.5070,7.506979,3.896925,-4.493671,3.841413,-4.499966,0,0,triggerEnter,00:00.0000,0,4.091413,-4.499966,8
00:07.5160,7.515857,3.933092,-4.511754,3.869169,-4.496819,0,0,None,00:00.0000,0,0,0,0
00:07.5250,7.525193,3.969259,-4.547921,3.892089,-4.504286,0,0,None,00:00.0000,0,0,0,0
00:07.5420,7.541748,4.023508,-4.566004,3.930674,-4.526103,0,0,None,00:00.0000,0,0,0,0
00:07.5560,7.555616,4.113925,-4.584087,3.991258,-4.551508,0,0,None,00:00.0000,0,0,0,0
00:07.5650,7.565036,4.113925,-4.584087,4.022033,-4.544233,4.048235,-4.792535,gateEnter,00:00.0000,0,0,0,8
00:07.5690,7.568863,4.168174,-4.584087,4.022033,-4.544233,0,0,None,00:00.0000,0,0,0,0
00:07.5840,7.583869,4.240506,-4.584087,4.116728,-4.545624,0,0,None,00:00.0000,0,0,0,0
00:07.5990,7.598701,4.31284,-4.547921,4.160534,-4.545499,0,0,None,00:00.0000,0,0,0,0
00:07.6090,7.609041,4.349005,-4.529838,4.218603,-4.545399,0,0,None,00:00.0000,0,0,0,0
00:07.6200,7.61989,4.403255,-4.493671,4.265721,-4.545319,0,0,None,00:00.0000,0,0,0,0
00:07.6350,7.635172,4.60217,-4.421338,4.373392,-4.506583,4.350795,-4.790031,gateExit,00:00.0700,0.07013655,0,0,8
00:07.6350,7.635172,4.60217,-4.421338,4.373392,-4.506583,0,0,None,00:00.0000,0,0,0,0
00:07.6470,7.646725,4.837251,-4.294756,4.442574,-4.473002,0,0,None,00:00.0000,0,0,0,0
00:07.6740,7.673677,4.927667,-4.222423,4.594705,-4.411004,0,0,None,00:00.0000,0,0,0,0
00:07.6870,7.686924,5.054249,-4.077758,4.821822,-4.287652,0,0,None,00:00.0000,0,0,0,0
00:07.7000,7.700418,5.126582,-3.969259,4.90187,-4.227913,0,0,None,00:00.0000,0,0,0,0
00:07.7140,7.714234,5.253164,-3.698011,5.05232,-4.061047,0,0,None,00:00.0000,0,0,0,0
00:07.7280,7.727783,5.307414,-3.191682,5.152742,-3.879529,0,0,None,00:00.0000,0,0,0,0
00:07.7350,7.734545,5.325497,-2.866184,5.195625,-3.653146,5.4475,-3.706305,gateEnter,00:00.0000,0,0,0,9
00:07.7390,7.739314,5.325497,-2.866184,5.195625,-3.653146,0,0,None,00:00.0000,0,0,0,0
00:07.7540,7.754479,5.325497,-1.962025,5.1954,-3.144299,0,0,None,00:00.0000,0,0,0,0
00:07.7690,7.769092,5.307414,-1.708861,5.19532,-2.697828,0,0,None,00:00.0000,0,0,0,0
00:07.7790,7.778987,5.253164,-1.166365,5.195256,-2.329926,0,0,None,00:00.0000,0,0,0,0
00:07.7970,7.797003,5.162749,-0.551537,5.195164,-1.520547,0,0,None,00:00.0000,0,0,0,0
00:07.8140,7.81393,5.072333,-0.02712488,5.17894,-0.870643,0,0,None,00:00.0000,0,0,0,0
00:07.8190,7.81924,5.018084,0.2441227,5.170844,-0.71109,5.44,-0.7110903,gateExit,00:00.0850,0.08469486,0,0,9
00:07.8190,7.81924,5.018084,0.2441227,5.170844,-0.71109,0,0,None,00:00.0000,0,0,0,0
00:07.8410,7.840926,4.855334,0.8227849,5.148713,-0.4956897,0,0,None,00:00.0000,0,0,0,0
00:07.8560,7.85572,4.783002,1.148282,4.946762,0.4298751,0,0,None,00:00.0000,0,0,0,0
00:07.8710,7.870515,4.746835,1.401446,4.882965,0.7077043,0,0,None,00:00.0000,0,0,0,0
00:07.8850,7.884563,4.746835,1.600361,4.785389,1.196365,0,0,None,00:00.0000,0,0,0,0
00:07.8990,7.898758,4.764919,1.690778,4.766112,1.353156,0,0,None,00:00.0000,0,0,0,0
00:07.9120,7.912144,4.801085,1.907776,4.765515,1.521967,0,0,None,00:00.0000,0,0,0,0
00:07.9270,7.927041,4.837251,2.16094,4.787672,1.784199,0,0,None,00:00.0000,0,0,0,0
00:07.9370,7.936816,4.837251,2.323689,4.80342,1.909278,0,0,None,00:00.0000,0,0,0,0
00:07.9490,7.949002,4.837251,2.504521,4.820335,2.035109,0,0,None,00:00.0000,0,0,0,0
00:07.9620,7.96194,4.819169,2.811935,4.828794,2.269815,0,0,None,00:00.0000,0,0,0,0
00:07.9760,7.976065,4.764919,3.101266,4.826096,2.640239,0,0,None,00:00.0000,0,0,0,0
00:07.9890,7.989391,4.728752,3.227848,4.804549,2.798419,0,0,None,00:00.0000,0,0,0,0
00:08.0020,8.00238,4.692585,3.46293,4.784734,2.949843,0,0,None,00:00.0000,0,0,0,0
00:08.0140,8.013749,4.674503,3.607595,4.720143,3.307533,0,0,None,00:00.0000,0,0,0,0
00:08.0270,8.027475,4.674503,3.661845,4.697323,3.457564,0,0,None,00:00.0000,0,0,0,0
00:08.0380,8.038429,4.692585,3.716094,4.685913,3.532579,0,0,None,00:00.0000,0,0,0,0
00:08.0520,8.051949,4.728752,3.788426,4.689249,3.624337,0,0,None,00:00.0000,0,0,0,0
00:08.0660,8.066166,4.746835,3.842676,4.714355,3.738362,0,0,None,00:00.0000,0,0,0,0
00:08.0800,8.079547,4.746835,3.896926,4.721554,3.772436,0,0,None,00:00.0000,0,0,0,0
00:08.0940,8.094023,4.746835,3.933092,4.740515,3.856762,0,0,None,00:00.0000,0,0,0,0
00:08.1030,8.103359,4.764919,4.059675,4.743675,3.894927,0,0,None,00:00.0000,0,0,0,0
00:08.1170,8.117408,4.764919,4.132008,4.754297,3.977301,0,0,None,00:00.0000,0,0,0,0
00:08.1270,8.126937,4.764919,4.186256,4.759608,4.054654,0,0,None,00:00.0000,0,0,0,0
00:08.1390,8.138752,4.764919,4.20434,4.762263,4.093331,0,0,None,00:00.0000,0,0,0,0
00:08.1530,8.15279,4.783002,4.20434,4.763591,4.139793,0,0,None,00:00.0000,0,0,0,0
00:08.1660,8.1661,4.783002,4.20434,4.764586,4.188203,0,0,None,00:00.0000,0,0,0,0
00:08.1750,8.175482,4.873418,4.222424,4.773794,4.196272,0,0,None,00:00.0000,0,0,0,0
00:08.1890,8.188698,4.909585,4.240506,4.796481,4.200306,0,0,None,00:00.0000,0,0,0,0
00:08.2020,8.201505,5,4.276672,4.853033,4.220406,0,0,None,00:00.0000,0,0,0,0
00:08.2160,8.216065,5.054249,4.330922,4.963259,4.267127,0,0,None,00:00.0000,0,0,0,0
00:08.2300,8.230262,5.126582,4.385171,5.008754,4.299025,0,0,None,00:00.0000,0,0,0,0
00:08.2400,8.240007,5.162749,4.421339,5.040544,4.324015,0,0,None,00:00.0000,0,0,0,0
00:08.2550,8.255079,5.235081,4.439421,5.123156,4.387966,0,0,None,00:00.0000,0,0,0,0
00:08.2690,8.268896,5.28933,4.457505,5.179118,4.413693,0,0,None,00:00.0000,0,0,0,0
00:08.2830,8.282866,5.39783,4.475588,5.2071,4.426558,0,0,None,00:00.0000,0,0,0,0
00:08.2880,8.28772,5.433996,4.475588,5.284382,4.442031,0,0,triggerEnter,00:00.0000,0,5.534382,4.442031,9
00:08.2920,8.292494,5.433996,4.475588,5.341105,4.458809,0,0,None,00:00.0000,0,0,0,0
00:08.3080,8.307978,5.470163,4.493671,5.387551,4.467198,0,0,None,00:00.0000,0,0,0,0
00:08.3210,8.321045,5.506329,4.511754,5.428857,4.480434,0,0,None,00:00.0000,0,0,0,0
00:08.3330,8.33288,5.542495,4.529838,5.473399,4.503924,0,0,None,00:00.0000,0,0,0,0
00:08.3480,8.347539,5.614829,4.529838,5.507947,4.516881,0,0,None,00:00.0000,0,0,0,0
00:08.3620,8.362138,5.650994,4.529838,5.543304,4.523359,0,0,None,00:00.0000,0,0,0,0
00:08.3760,8.376254,5.74141,4.511754,5.642155,4.528218,0,0,None,00:00.0000,0,0,0,0
00:08.3850,8.385249,5.79566,4.493671,5.673699,4.529028,0,0,None,00:00.0000,0,0,0,0
00:08.4020,8.402411,5.904159,4.457505,5.707555,4.520391,0,0,None,00:00.0000,0,0,0,0
00:08.4070,8.407175,5.940325,4.439421,5.778732,4.49799,0,0,None,00:00.0000,0,0,0,0
00:08.4320,8.431673,5.940325,4.439421,5.850488,4.468705,0,0,None,00:00.0000,0,0,0,0
00:08.4410,8.440578,5.940325,4.439421,5.886365,4.454063,0,0,None,00:00.0000,0,0,0,0
00:08.4550,8.45479,5.958408,4.439421,5.913273,4.443082,0,0,None,00:00.0000,0,0,0,0
00:08.4680,8.467536,5.976492,4.421339,5.926799,4.441252,0,0,None,00:00.0000,0,0,0,0
00:08.4820,8.482149,6.012659,4.385171,5.942603,4.440336,0,0,None,00:00.0000,0,0,0,0
00:08.4960,8.4961,6.121158,4.276672,5.986103,4.408005,0,0,None,00:00.0000,0,0,0,0
00:08.5090,8.509215,6.175407,4.222424,6.026505,4.369463,0,0,None,00:00.0000,0,0,0,0
00:08.5230,8.522789,6.265823,4.095841,6.073832,4.323068,0,0,None,00:00.0000,0,0,0,0
00:08.5320,8.53234,6.356238,3.933092,6.208783,4.170731,0,0,None,00:00.0000,0,0,0,0
00:08.5480,8.54847,6.374322,3.842676,6.255386,4.097119,0,0,None,00:00.0000,0,0,0,0
00:08.5620,8.562241,6.428571,3.643761,6.305812,4.015106,0,0,None,00:00.0000,0,0,0,0
00:08.5760,8.575641,6.446654,3.35443,6.38884,3.768243,0,0,None,00:00.0000,0,0,0,0
00:08.5860,8.586361,6.464738,3.137432,6.417747,3.642711,0,0,None,00:00.0000,0,0,0,0
00:08.6010,8.60141,6.464738,2.649186,6.441242,3.390072,0,0,None,00:00.0000,0,0,0,0
00:08.6110,8.610707,6.410489,2.106691,6.45299,3.146211,0,0,None,00:00.0000,0,0,0,0
00:08.6210,8.621329,6.356238,1.835443,6.448238,2.556444,0,0,None,00:00.0000,0,0,0,0
00:08.6340,8.633726,6.320073,1.528029,6.429363,2.331568,0,0,None,00:00.0000,0,0,0,0
00:08.6480,8.648422,6.301989,0.9855336,6.392801,2.083505,0,0,None,00:00.0000,0,0,0,0
00:08.6630,8.663253,6.301989,0.4972875,6.324692,1.323318,0,0,None,00:00.0000,0,0,0,0
00:08.6790,8.678726,6.301989,0.06329119,6.31334,1.027843,0,0,None,00:00.0000,0,0,0,0
00:08.6880,8.688058,6.301989,-0.1717901,6.307664,0.7625654,0,0,None,00:00.0000,0,0,0,0
00:08.7030,8.70301,6.283906,-0.551537,6.303408,0.1205691,0,0,None,00:00.0000,0,0,0,0
00:08.7140,8.713948,6.265823,-0.7323688,6.302698,-0.125068,0,0,None,00:00.0000,0,0,0,0
00:08.7290,8.728842,6.19349,-1.112116,6.284261,-0.4287184,0,0,None,00:00.0000,0,0,0,0
00:08.7400,8.740092,6.157323,-1.292948,6.256958,-0.6890427,0,0,None,00:00.0000,0,0,0,0
00:08.7550,8.754663,6.048824,-1.726944,6.191274,-1.096763,0,0,None,00:00.0000,0,0,0,0
00:08.7690,8.769411,5.976492,-2.070524,6.120049,-1.411854,0,0,None,00:00.0000,0,0,0,0
00:08.7830,8.783416,5.940325,-2.377939,6.021423,-1.86969,0,0,None,00:00.0000,0,0,0,0
00:08.7980,8.797878,5.886076,-2.685353,6.004375,-2.123815,5.752501,-2.035285,gateEnter,00:00.0000,0,0,0,9
00:08.7980,8.797878,5.886076,-2.685353,6.004375,-2.123815,0,0,None,00:00.0000,0,0,0,0
00:08.8100,8.809669,5.886076,-2.830018,6.0045,-2.323209,0,0,None,00:00.0000,0,0,0,0
00:08.8250,8.824547,5.886076,-3.101266,6.00468,-2.739482,0,0,None,00:00.0000,0,0,0,0
00:08.8360,8.836054,5.849909,-3.40868,6.004744,-2.920374,0,0,None,00:00.0000,0,0,0,0
00:08.8500,8.850096,5.849909,-3.553345,6.004795,-3.083153,0,0,None,00:00.0000,0,0,0,0
00:08.8600,8.860349,5.831826,-3.788427,6.004869,-3.399631,0,0,None,00:00.0000,0,0,0,0
00:08.8780,8.877703,5.831826,-3.933092,6.004895,-3.594029,0,0,None,00:00.0000,0,0,0,0
00:08.8910,8.890629,5.831826,-4.168174,6.004916,-3.763561,0,0,None,00:00.0000,0,0,0,0
00:08.9040,8.904271,5.886076,-4.367089,6.004946,-4.039896,0,0,None,00:00.0000,0,0,0,0
00:08.9180,8.917629,5.922243,-4.421338,6.004957,-4.203492,0,0,None,00:00.0000,0,0,0,0
00:08.9290,8.928747,5.940325,-4.439421,6.004966,-4.303373,0,0,None,00:00.0000,0,0,0,0
00:08.9380,8.938338,5.958408,-4.457504,6.004972,-4.362356,0,0,None,00:00.0000,0,0,0,0
00:08.9540,8.954105,5.958408,-4.475588,6.004982,-4.429196,0,0,None,00:00.0000,0,0,0,0
00:08.9670,8.967195,5.976492,-4.493671,6.004986,-4.452392,0,0,None,00:00.0000,0,0,0,0
00:08.9810,8.980955,6.012659,-4.547921,6.004989,-4.473032,0,0,None,00:00.0000,0,0,0,0
00:08.9900,8.990376,6.066908,-4.584087,6.008825,-4.520157,0,0,None,00:00.0000,0,0,0,0
00:09.0080,9.008173,6.121158,-4.60217,6.019783,-4.54308,0,0,None,00:00.0000,0,0,0,0
00:09.0170,9.017156,6.13924,-4.60217,6.061428,-4.572625,5.76,-4.572625,gateExit,00:00.2190,0.2192774,0,0,9
00:09.0220,9.021706,6.13924,-4.60217,6.061428,-4.572625,0,0,None,00:00.0000,0,0,0,0
00:09.0330,9.033483,6.229656,-4.60217,6.115267,-4.594784,0,0,None,00:00.0000,0,0,0,0
00:09.0490,9.048603,6.320073,-4.60217,6.172462,-4.598477,0,0,None,00:00.0000,0,0,0,0
00:09.0620,9.062316,6.410489,-4.60217,6.228184,-4.600324,0,0,None,00:00.0000,0,0,0,0
00:09.0760,9.076207,6.464738,-4.60217,6.35135,-4.601708,0,0,None,00:00.0000,0,0,0,0
00:09.0890,9.089221,6.627487,-4.584087,6.408044,-4.601939,0,0,None,00:00.0000,0,0,0,0
00:09.1030,9.103446,6.808318,-4.584087,6.559064,-4.58855,0,0,None,00:00.0000,0,0,0,0
00:09.1180,9.117799,6.916818,-4.584087,6.683691,-4.586318,0,0,triggerEnter,00:00.0000,0,6.933691,-4.586318,10
